,ActionGeo_CountryCode,MonthYear,EventBaseCode,eventcount
0,HU,200803,10,99
1,HU,200804,10,51
2,HU,200805,10,48
3,HU,200806,10,49
4,HU,200807,10,79
5,HU,200808,10,81
6,HU,200809,10,48
7,HU,200810,10,116
8,HU,200811,10,78
9,HU,200812,10,130
10,HU,200901,10,416
11,HU,200902,10,266
12,HU,200903,10,414
13,HU,200904,10,367
14,HU,200905,10,379
15,HU,200906,10,248
16,HU,200907,10,266
17,HU,200908,10,435
18,HU,200909,10,318
19,HU,200910,10,373
20,HU,200911,10,284
21,HU,200912,10,296
22,HU,201001,10,243
23,HU,201002,10,207
24,HU,201003,10,99
25,HU,201004,10,185
26,HU,201005,10,137
27,HU,201006,10,150
28,HU,201007,10,207
29,HU,201008,10,295
30,HU,201009,10,294
31,HU,201010,10,1053
32,HU,201011,10,294
33,HU,201012,10,331
34,HU,201101,10,605
35,HU,201102,10,379
36,HU,201103,10,414
37,HU,201104,10,451
38,HU,201105,10,379
39,HU,201106,10,330
40,HU,201107,10,358
41,HU,201108,10,243
42,HU,201109,10,277
43,HU,201110,10,235
44,HU,201111,10,278
45,HU,201112,10,309
46,HU,201201,10,647
47,HU,201202,10,393
48,HU,201203,10,393
49,HU,201204,10,455
50,HU,201205,10,343
51,HU,201206,10,291
52,HU,201207,10,445
53,HU,201208,10,273
54,HU,201209,10,438
55,HU,201210,10,321
56,HU,201211,10,252
57,HU,201212,10,210
58,HU,201301,10,237
59,HU,201302,10,211
60,HU,201303,10,377
61,HU,201304,10,81
62,HU,201305,10,168
63,HU,201306,10,286
64,HU,201307,10,321
65,HU,201308,10,344
66,HU,201309,10,300
67,HU,201310,10,376
68,HU,201311,10,408
69,HU,201312,10,253
70,HU,201401,10,353
71,HU,201402,10,409
72,HU,201403,10,493
73,HU,201404,10,489
74,HU,201405,10,409
75,HU,201406,10,404
76,HU,201407,10,428
77,HU,201408,10,357
78,HU,201409,10,403
79,HU,201410,10,735
80,HU,201411,10,527
81,HU,201412,10,563
82,HU,201501,10,456
83,HU,201502,10,588
84,HU,201503,10,503
85,HU,201504,10,485
86,HU,201505,10,496
87,HU,201506,10,678
88,HU,201507,10,585
89,HU,201508,10,953
90,HU,201509,10,3386
91,HU,201510,10,1152
92,HU,201511,10,577
93,HU,201512,10,605
94,HU,201601,10,570
95,HU,201602,10,674
96,HU,201603,10,683
97,HU,201604,10,554
98,HU,201605,10,581
99,HU,201606,10,504
100,HU,201607,10,659
101,HU,201608,10,575
102,HU,201609,10,875
103,HU,201610,10,970
104,HU,201611,10,656
105,HU,201612,10,538
106,HU,201701,10,649
107,HU,201702,10,754
108,HU,201703,10,725
109,HU,201704,10,820
110,HU,201705,10,628
111,HU,201706,10,476
112,HU,201707,10,611
113,HU,201708,10,373
114,HU,201709,10,520
115,HU,201710,10,523
116,HU,201711,10,471
117,HU,201712,10,443
118,HU,201801,10,506
119,HU,201802,10,512
120,HU,201803,10,587
121,HU,201804,10,715
122,HU,201805,10,474
123,HU,201806,10,391
124,HU,201807,10,468
125,HU,201808,10,491
126,HU,201809,10,626
127,HU,201810,10,606
128,HU,201811,10,616
129,HU,201812,10,569
130,HU,201901,10,471
131,HU,201902,10,537
132,HU,201903,10,571
133,HU,201904,10,401
134,HU,201905,10,779
135,HU,201906,10,489
136,HU,201907,10,379
137,HU,201908,10,394
138,HU,201909,10,526
139,HU,201910,10,474
140,HU,201911,10,479
141,HU,201912,10,408
142,HU,202001,10,348
143,HU,202002,10,387
144,HU,202003,10,440
145,HU,202004,10,462
146,HU,202005,10,448
147,HU,202006,10,317
148,HU,202007,10,361
149,HU,202008,10,275
150,HU,202009,10,384
151,HU,200803,11,1
152,HU,200804,11,7
153,HU,200806,11,1
154,HU,200807,11,2
155,HU,200809,11,5
156,HU,200812,11,3
157,HU,200901,11,2
158,HU,200902,11,3
159,HU,200903,11,3
160,HU,200904,11,6
161,HU,200905,11,2
162,HU,200906,11,10
163,HU,200907,11,2
164,HU,200908,11,10
165,HU,200909,11,12
166,HU,200910,11,9
167,HU,200911,11,3
168,HU,200912,11,6
169,HU,201001,11,4
170,HU,201002,11,6
171,HU,201003,11,2
172,HU,201004,11,3
173,HU,201007,11,10
174,HU,201008,11,7
175,HU,201009,11,2
176,HU,201010,11,6
177,HU,201011,11,4
178,HU,201012,11,9
179,HU,201101,11,8
180,HU,201102,11,2
181,HU,201103,11,8
182,HU,201104,11,2
183,HU,201105,11,4
184,HU,201106,11,2
185,HU,201107,11,11
186,HU,201108,11,2
187,HU,201110,11,10
188,HU,201111,11,1
189,HU,201112,11,12
190,HU,201201,11,9
191,HU,201202,11,4
192,HU,201203,11,5
193,HU,201204,11,5
194,HU,201205,11,7
195,HU,201206,11,3
196,HU,201207,11,1
197,HU,201208,11,5
198,HU,201209,11,8
199,HU,201210,11,1
200,HU,201211,11,8
201,HU,201212,11,5
202,HU,201301,11,6
203,HU,201302,11,2
204,HU,201303,11,2
205,HU,201304,11,1
206,HU,201305,11,2
207,HU,201307,11,5
208,HU,201308,11,6
209,HU,201309,11,6
210,HU,201310,11,3
211,HU,201312,11,4
212,HU,201401,11,15
213,HU,201402,11,6
214,HU,201403,11,2
215,HU,201404,11,6
216,HU,201405,11,6
217,HU,201406,11,1
218,HU,201407,11,12
219,HU,201408,11,6
220,HU,201409,11,5
221,HU,201410,11,15
222,HU,201411,11,5
223,HU,201412,11,5
224,HU,201501,11,5
225,HU,201502,11,7
226,HU,201503,11,6
227,HU,201504,11,11
228,HU,201505,11,5
229,HU,201506,11,14
230,HU,201507,11,3
231,HU,201508,11,7
232,HU,201509,11,35
233,HU,201510,11,11
234,HU,201511,11,15
235,HU,201512,11,14
236,HU,201601,11,15
237,HU,201602,11,4
238,HU,201603,11,25
239,HU,201604,11,12
240,HU,201605,11,6
241,HU,201606,11,15
242,HU,201607,11,9
243,HU,201608,11,9
244,HU,201609,11,14
245,HU,201610,11,21
246,HU,201611,11,7
247,HU,201612,11,15
248,HU,201701,11,5
249,HU,201702,11,16
250,HU,201703,11,9
251,HU,201704,11,36
252,HU,201705,11,10
253,HU,201706,11,5
254,HU,201707,11,13
255,HU,201708,11,25
256,HU,201709,11,6
257,HU,201710,11,8
258,HU,201711,11,8
259,HU,201712,11,9
260,HU,201801,11,12
261,HU,201802,11,10
262,HU,201803,11,3
263,HU,201804,11,31
264,HU,201805,11,14
265,HU,201806,11,3
266,HU,201807,11,3
267,HU,201808,11,12
268,HU,201809,11,11
269,HU,201810,11,10
270,HU,201811,11,19
271,HU,201812,11,12
272,HU,201901,11,7
273,HU,201902,11,22
274,HU,201903,11,22
275,HU,201904,11,9
276,HU,201905,11,15
277,HU,201906,11,3
278,HU,201907,11,6
279,HU,201908,11,5
280,HU,201909,11,15
281,HU,201910,11,16
282,HU,201911,11,15
283,HU,201912,11,5
284,HU,202001,11,4
285,HU,202002,11,1
286,HU,202003,11,9
287,HU,202004,11,3
288,HU,202005,11,6
289,HU,202006,11,2
290,HU,202007,11,6
291,HU,202008,11,10
292,HU,202009,11,12
293,HU,200803,12,20
294,HU,200804,12,8
295,HU,200805,12,5
296,HU,200806,12,6
297,HU,200807,12,5
298,HU,200808,12,14
299,HU,200809,12,8
300,HU,200810,12,30
301,HU,200811,12,10
302,HU,200812,12,9
303,HU,200901,12,60
304,HU,200902,12,46
305,HU,200903,12,90
306,HU,200904,12,58
307,HU,200905,12,57
308,HU,200906,12,55
309,HU,200907,12,56
310,HU,200908,12,36
311,HU,200909,12,55
312,HU,200910,12,46
313,HU,200911,12,44
314,HU,200912,12,36
315,HU,201001,12,40
316,HU,201002,12,30
317,HU,201003,12,7
318,HU,201004,12,22
319,HU,201005,12,22
320,HU,201006,12,51
321,HU,201007,12,48
322,HU,201008,12,50
323,HU,201009,12,42
324,HU,201010,12,195
325,HU,201011,12,48
326,HU,201012,12,68
327,HU,201101,12,212
328,HU,201102,12,81
329,HU,201103,12,89
330,HU,201104,12,89
331,HU,201105,12,80
332,HU,201106,12,62
333,HU,201107,12,65
334,HU,201108,12,30
335,HU,201109,12,53
336,HU,201110,12,44
337,HU,201111,12,60
338,HU,201112,12,94
339,HU,201201,12,205
340,HU,201202,12,81
341,HU,201203,12,85
342,HU,201204,12,85
343,HU,201205,12,55
344,HU,201206,12,26
345,HU,201207,12,113
346,HU,201208,12,31
347,HU,201209,12,136
348,HU,201210,12,54
349,HU,201211,12,27
350,HU,201212,12,23
351,HU,201301,12,42
352,HU,201302,12,47
353,HU,201303,12,142
354,HU,201304,12,23
355,HU,201305,12,29
356,HU,201306,12,44
357,HU,201307,12,50
358,HU,201308,12,42
359,HU,201309,12,84
360,HU,201310,12,34
361,HU,201311,12,56
362,HU,201312,12,53
363,HU,201401,12,54
364,HU,201402,12,68
365,HU,201403,12,80
366,HU,201404,12,97
367,HU,201405,12,66
368,HU,201406,12,56
369,HU,201407,12,66
370,HU,201408,12,65
371,HU,201409,12,61
372,HU,201410,12,110
373,HU,201411,12,112
374,HU,201412,12,73
375,HU,201501,12,73
376,HU,201502,12,101
377,HU,201503,12,65
378,HU,201504,12,125
379,HU,201505,12,93
380,HU,201506,12,119
381,HU,201507,12,119
382,HU,201508,12,119
383,HU,201509,12,945
384,HU,201510,12,241
385,HU,201511,12,159
386,HU,201512,12,130
387,HU,201601,12,130
388,HU,201602,12,160
389,HU,201603,12,115
390,HU,201604,12,162
391,HU,201605,12,83
392,HU,201606,12,92
393,HU,201607,12,131
394,HU,201608,12,101
395,HU,201609,12,146
396,HU,201610,12,160
397,HU,201611,12,141
398,HU,201612,12,116
399,HU,201701,12,83
400,HU,201702,12,154
401,HU,201703,12,238
402,HU,201704,12,210
403,HU,201705,12,130
404,HU,201706,12,111
405,HU,201707,12,120
406,HU,201708,12,78
407,HU,201709,12,95
408,HU,201710,12,112
409,HU,201711,12,112
410,HU,201712,12,50
411,HU,201801,12,85
412,HU,201802,12,91
413,HU,201803,12,83
414,HU,201804,12,162
415,HU,201805,12,111
416,HU,201806,12,118
417,HU,201807,12,124
418,HU,201808,12,64
419,HU,201809,12,187
420,HU,201810,12,103
421,HU,201811,12,113
422,HU,201812,12,131
423,HU,201901,12,71
424,HU,201902,12,182
425,HU,201903,12,118
426,HU,201904,12,95
427,HU,201905,12,246
428,HU,201906,12,83
429,HU,201907,12,83
430,HU,201908,12,59
431,HU,201909,12,83
432,HU,201910,12,86
433,HU,201911,12,90
434,HU,201912,12,61
435,HU,202001,12,58
436,HU,202002,12,49
437,HU,202003,12,106
438,HU,202004,12,137
439,HU,202005,12,79
440,HU,202006,12,68
441,HU,202007,12,66
442,HU,202008,12,43
443,HU,202009,12,69
444,HU,200803,13,19
445,HU,200804,13,20
446,HU,200805,13,6
447,HU,200806,13,6
448,HU,200807,13,20
449,HU,200808,13,17
450,HU,200809,13,9
451,HU,200810,13,22
452,HU,200811,13,34
453,HU,200812,13,19
454,HU,200901,13,74
455,HU,200902,13,50
456,HU,200903,13,119
457,HU,200904,13,82
458,HU,200905,13,69
459,HU,200906,13,88
460,HU,200907,13,66
461,HU,200908,13,96
462,HU,200909,13,93
463,HU,200910,13,76
464,HU,200911,13,50
465,HU,200912,13,27
466,HU,201001,13,33
467,HU,201002,13,62
468,HU,201003,13,16
469,HU,201004,13,56
470,HU,201005,13,23
471,HU,201006,13,22
472,HU,201007,13,69
473,HU,201008,13,56
474,HU,201009,13,92
475,HU,201010,13,256
476,HU,201011,13,71
477,HU,201012,13,77
478,HU,201101,13,136
479,HU,201102,13,97
480,HU,201103,13,121
481,HU,201104,13,102
482,HU,201105,13,86
483,HU,201106,13,79
484,HU,201107,13,82
485,HU,201108,13,46
486,HU,201109,13,50
487,HU,201110,13,41
488,HU,201111,13,62
489,HU,201112,13,54
490,HU,201201,13,160
491,HU,201202,13,87
492,HU,201203,13,69
493,HU,201204,13,117
494,HU,201205,13,70
495,HU,201206,13,61
496,HU,201207,13,97
497,HU,201208,13,70
498,HU,201209,13,84
499,HU,201210,13,55
500,HU,201211,13,50
501,HU,201212,13,40
502,HU,201301,13,43
503,HU,201302,13,49
504,HU,201303,13,71
505,HU,201304,13,30
506,HU,201305,13,41
507,HU,201306,13,61
508,HU,201307,13,89
509,HU,201308,13,69
510,HU,201309,13,59
511,HU,201310,13,85
512,HU,201311,13,105
513,HU,201312,13,48
514,HU,201401,13,104
515,HU,201402,13,88
516,HU,201403,13,84
517,HU,201404,13,90
518,HU,201405,13,63
519,HU,201406,13,92
520,HU,201407,13,122
521,HU,201408,13,69
522,HU,201409,13,85
523,HU,201410,13,130
524,HU,201411,13,102
525,HU,201412,13,101
526,HU,201501,13,107
527,HU,201502,13,124
528,HU,201503,13,114
529,HU,201504,13,102
530,HU,201505,13,115
531,HU,201506,13,204
532,HU,201507,13,126
533,HU,201508,13,167
534,HU,201509,13,913
535,HU,201510,13,231
536,HU,201511,13,176
537,HU,201512,13,159
538,HU,201601,13,142
539,HU,201602,13,160
540,HU,201603,13,152
541,HU,201604,13,134
542,HU,201605,13,124
543,HU,201606,13,139
544,HU,201607,13,153
545,HU,201608,13,121
546,HU,201609,13,193
547,HU,201610,13,199
548,HU,201611,13,133
549,HU,201612,13,111
550,HU,201701,13,171
551,HU,201702,13,171
552,HU,201703,13,201
553,HU,201704,13,190
554,HU,201705,13,111
555,HU,201706,13,92
556,HU,201707,13,116
557,HU,201708,13,70
558,HU,201709,13,111
559,HU,201710,13,117
560,HU,201711,13,100
561,HU,201712,13,106
562,HU,201801,13,97
563,HU,201802,13,121
564,HU,201803,13,83
565,HU,201804,13,169
566,HU,201805,13,121
567,HU,201806,13,100
568,HU,201807,13,83
569,HU,201808,13,95
570,HU,201809,13,179
571,HU,201810,13,141
572,HU,201811,13,115
573,HU,201812,13,122
574,HU,201901,13,109
575,HU,201902,13,121
576,HU,201903,13,177
577,HU,201904,13,102
578,HU,201905,13,212
579,HU,201906,13,98
580,HU,201907,13,83
581,HU,201908,13,71
582,HU,201909,13,93
583,HU,201910,13,95
584,HU,201911,13,116
585,HU,201912,13,58
586,HU,202001,13,73
587,HU,202002,13,73
588,HU,202003,13,114
589,HU,202004,13,93
590,HU,202005,13,84
591,HU,202006,13,66
592,HU,202007,13,71
593,HU,202008,13,71
594,HU,202009,13,94
595,HU,200803,14,4
596,HU,200804,14,3
597,HU,200805,14,11
598,HU,200806,14,9
599,HU,200807,14,2
600,HU,200808,14,5
601,HU,200809,14,5
602,HU,200810,14,8
603,HU,200811,14,13
604,HU,200812,14,9
605,HU,200901,14,50
606,HU,200902,14,15
607,HU,200903,14,45
608,HU,200904,14,28
609,HU,200905,14,33
610,HU,200906,14,52
611,HU,200907,14,9
612,HU,200908,14,11
613,HU,200909,14,38
614,HU,200910,14,33
615,HU,200911,14,23
616,HU,200912,14,33
617,HU,201001,14,20
618,HU,201002,14,23
619,HU,201003,14,4
620,HU,201004,14,27
621,HU,201005,14,15
622,HU,201006,14,28
623,HU,201007,14,31
624,HU,201008,14,26
625,HU,201009,14,31
626,HU,201010,14,174
627,HU,201011,14,46
628,HU,201012,14,32
629,HU,201101,14,50
630,HU,201102,14,85
631,HU,201103,14,76
632,HU,201104,14,67
633,HU,201105,14,32
634,HU,201106,14,29
635,HU,201107,14,40
636,HU,201108,14,30
637,HU,201109,14,29
638,HU,201110,14,35
639,HU,201111,14,52
640,HU,201112,14,35
641,HU,201201,14,50
642,HU,201202,14,42
643,HU,201203,14,46
644,HU,201204,14,35
645,HU,201205,14,28
646,HU,201206,14,29
647,HU,201207,14,29
648,HU,201208,14,20
649,HU,201209,14,48
650,HU,201210,14,19
651,HU,201211,14,26
652,HU,201212,14,19
653,HU,201301,14,46
654,HU,201302,14,28
655,HU,201303,14,47
656,HU,201304,14,13
657,HU,201305,14,9
658,HU,201306,14,34
659,HU,201307,14,48
660,HU,201308,14,47
661,HU,201309,14,54
662,HU,201310,14,48
663,HU,201311,14,44
664,HU,201312,14,45
665,HU,201401,14,40
666,HU,201402,14,32
667,HU,201403,14,51
668,HU,201404,14,61
669,HU,201405,14,52
670,HU,201406,14,61
671,HU,201407,14,41
672,HU,201408,14,28
673,HU,201409,14,49
674,HU,201410,14,70
675,HU,201411,14,57
676,HU,201412,14,55
677,HU,201501,14,38
678,HU,201502,14,83
679,HU,201503,14,33
680,HU,201504,14,66
681,HU,201505,14,34
682,HU,201506,14,102
683,HU,201507,14,78
684,HU,201508,14,65
685,HU,201509,14,365
686,HU,201510,14,184
687,HU,201511,14,63
688,HU,201512,14,52
689,HU,201601,14,64
690,HU,201602,14,62
691,HU,201603,14,68
692,HU,201604,14,58
693,HU,201605,14,39
694,HU,201606,14,53
695,HU,201607,14,58
696,HU,201608,14,38
697,HU,201609,14,103
698,HU,201610,14,177
699,HU,201611,14,76
700,HU,201612,14,76
701,HU,201701,14,50
702,HU,201702,14,53
703,HU,201703,14,71
704,HU,201704,14,107
705,HU,201705,14,41
706,HU,201706,14,64
707,HU,201707,14,63
708,HU,201708,14,27
709,HU,201709,14,58
710,HU,201710,14,73
711,HU,201711,14,77
712,HU,201712,14,40
713,HU,201801,14,46
714,HU,201802,14,49
715,HU,201803,14,51
716,HU,201804,14,210
717,HU,201805,14,66
718,HU,201806,14,73
719,HU,201807,14,31
720,HU,201808,14,32
721,HU,201809,14,75
722,HU,201810,14,50
723,HU,201811,14,80
724,HU,201812,14,46
725,HU,201901,14,36
726,HU,201902,14,36
727,HU,201903,14,62
728,HU,201904,14,45
729,HU,201905,14,123
730,HU,201906,14,79
731,HU,201907,14,44
732,HU,201908,14,28
733,HU,201909,14,65
734,HU,201910,14,70
735,HU,201911,14,44
736,HU,201912,14,38
737,HU,202001,14,36
738,HU,202002,14,35
739,HU,202003,14,38
740,HU,202004,14,59
741,HU,202005,14,40
742,HU,202006,14,50
743,HU,202007,14,38
744,HU,202008,14,26
745,HU,202009,14,51
746,HU,200803,15,2
747,HU,200804,15,2
748,HU,200806,15,1
749,HU,200807,15,3
750,HU,200808,15,2
751,HU,200810,15,4
752,HU,200811,15,1
753,HU,200901,15,3
754,HU,200902,15,1
755,HU,200903,15,7
756,HU,200904,15,16
757,HU,200906,15,3
758,HU,200907,15,2
759,HU,200908,15,7
760,HU,200909,15,10
761,HU,200910,15,6
762,HU,200912,15,8
763,HU,201001,15,1
764,HU,201002,15,4
765,HU,201003,15,1
766,HU,201004,15,1
767,HU,201005,15,2
768,HU,201007,15,3
769,HU,201008,15,7
770,HU,201009,15,6
771,HU,201010,15,9
772,HU,201011,15,7
773,HU,201012,15,4
774,HU,201101,15,11
775,HU,201102,15,6
776,HU,201104,15,5
777,HU,201105,15,11
778,HU,201106,15,11
779,HU,201107,15,16
780,HU,201108,15,29
781,HU,201109,15,3
782,HU,201110,15,2
783,HU,201111,15,15
784,HU,201112,15,9
785,HU,201201,15,3
786,HU,201202,15,5
787,HU,201203,15,12
788,HU,201204,15,15
789,HU,201205,15,18
790,HU,201206,15,7
791,HU,201207,15,9
792,HU,201208,15,10
793,HU,201209,15,5
794,HU,201210,15,8
795,HU,201211,15,9
796,HU,201212,15,3
797,HU,201301,15,5
798,HU,201302,15,4
799,HU,201303,15,4
800,HU,201306,15,8
801,HU,201307,15,8
802,HU,201308,15,7
803,HU,201309,15,2
804,HU,201310,15,10
805,HU,201311,15,18
806,HU,201312,15,1
807,HU,201401,15,16
808,HU,201402,15,2
809,HU,201403,15,9
810,HU,201404,15,6
811,HU,201405,15,8
812,HU,201406,15,3
813,HU,201407,15,9
814,HU,201408,15,7
815,HU,201409,15,2
816,HU,201410,15,14
817,HU,201411,15,20
818,HU,201412,15,10
819,HU,201501,15,22
820,HU,201502,15,8
821,HU,201503,15,18
822,HU,201504,15,20
823,HU,201505,15,21
824,HU,201506,15,8
825,HU,201507,15,21
826,HU,201508,15,11
827,HU,201509,15,36
828,HU,201510,15,23
829,HU,201511,15,12
830,HU,201512,15,10
831,HU,201601,15,15
832,HU,201602,15,11
833,HU,201603,15,12
834,HU,201604,15,33
835,HU,201605,15,14
836,HU,201606,15,9
837,HU,201607,15,14
838,HU,201608,15,12
839,HU,201609,15,21
840,HU,201610,15,13
841,HU,201611,15,19
842,HU,201612,15,10
843,HU,201701,15,7
844,HU,201702,15,13
845,HU,201703,15,33
846,HU,201704,15,17
847,HU,201705,15,22
848,HU,201706,15,16
849,HU,201707,15,19
850,HU,201708,15,11
851,HU,201709,15,20
852,HU,201710,15,24
853,HU,201711,15,6
854,HU,201712,15,8
855,HU,201801,15,5
856,HU,201802,15,24
857,HU,201803,15,12
858,HU,201804,15,23
859,HU,201805,15,13
860,HU,201806,15,16
861,HU,201807,15,10
862,HU,201808,15,7
863,HU,201809,15,11
864,HU,201810,15,11
865,HU,201811,15,10
866,HU,201812,15,8
867,HU,201901,15,10
868,HU,201902,15,32
869,HU,201903,15,16
870,HU,201904,15,7
871,HU,201905,15,19
872,HU,201906,15,9
873,HU,201907,15,27
874,HU,201908,15,6
875,HU,201909,15,33
876,HU,201910,15,10
877,HU,201911,15,17
878,HU,201912,15,19
879,HU,202001,15,7
880,HU,202002,15,11
881,HU,202003,15,3
882,HU,202004,15,5
883,HU,202005,15,3
884,HU,202006,15,6
885,HU,202007,15,20
886,HU,202008,15,6
887,HU,202009,15,7
888,HU,200804,16,8
889,HU,200805,16,2
890,HU,200806,16,3
891,HU,200808,16,1
892,HU,200810,16,5
893,HU,200811,16,3
894,HU,200812,16,4
895,HU,200901,16,6
896,HU,200903,16,12
897,HU,200904,16,4
898,HU,200905,16,4
899,HU,200906,16,11
900,HU,200907,16,5
901,HU,200908,16,4
902,HU,200909,16,2
903,HU,200910,16,12
904,HU,200911,16,8
905,HU,200912,16,9
906,HU,201001,16,10
907,HU,201002,16,5
908,HU,201003,16,1
909,HU,201004,16,3
910,HU,201006,16,3
911,HU,201007,16,2
912,HU,201008,16,14
913,HU,201009,16,8
914,HU,201010,16,21
915,HU,201011,16,8
916,HU,201012,16,10
917,HU,201101,16,24
918,HU,201102,16,4
919,HU,201103,16,11
920,HU,201104,16,12
921,HU,201105,16,34
922,HU,201106,16,6
923,HU,201107,16,5
924,HU,201108,16,3
925,HU,201109,16,9
926,HU,201110,16,8
927,HU,201111,16,17
928,HU,201112,16,8
929,HU,201201,16,16
930,HU,201202,16,8
931,HU,201203,16,11
932,HU,201204,16,23
933,HU,201205,16,8
934,HU,201206,16,9
935,HU,201207,16,13
936,HU,201208,16,30
937,HU,201209,16,8
938,HU,201210,16,15
939,HU,201211,16,4
940,HU,201212,16,9
941,HU,201301,16,9
942,HU,201302,16,9
943,HU,201303,16,14
944,HU,201304,16,1
945,HU,201305,16,1
946,HU,201306,16,17
947,HU,201307,16,8
948,HU,201308,16,23
949,HU,201309,16,5
950,HU,201310,16,20
951,HU,201311,16,3
952,HU,201312,16,7
953,HU,201401,16,7
954,HU,201402,16,5
955,HU,201403,16,24
956,HU,201404,16,19
957,HU,201405,16,16
958,HU,201406,16,30
959,HU,201407,16,11
960,HU,201408,16,8
961,HU,201409,16,26
962,HU,201410,16,24
963,HU,201411,16,48
964,HU,201412,16,12
965,HU,201501,16,12
966,HU,201502,16,2
967,HU,201503,16,24
968,HU,201504,16,20
969,HU,201505,16,6
970,HU,201506,16,18
971,HU,201507,16,5
972,HU,201508,16,37
973,HU,201509,16,76
974,HU,201510,16,30
975,HU,201511,16,14
976,HU,201512,16,48
977,HU,201601,16,60
978,HU,201602,16,14
979,HU,201603,16,20
980,HU,201604,16,9
981,HU,201605,16,8
982,HU,201606,16,14
983,HU,201607,16,70
984,HU,201608,16,11
985,HU,201609,16,35
986,HU,201610,16,30
987,HU,201611,16,25
988,HU,201612,16,15
989,HU,201701,16,24
990,HU,201702,16,31
991,HU,201703,16,30
992,HU,201704,16,30
993,HU,201705,16,22
994,HU,201706,16,21
995,HU,201707,16,27
996,HU,201708,16,3
997,HU,201709,16,22
998,HU,201710,16,15
999,HU,201711,16,14
1000,HU,201712,16,12
1001,HU,201801,16,15
1002,HU,201802,16,13
1003,HU,201803,16,9
1004,HU,201804,16,35
1005,HU,201805,16,30
1006,HU,201806,16,16
1007,HU,201807,16,16
1008,HU,201808,16,4
1009,HU,201809,16,24
1010,HU,201810,16,30
1011,HU,201811,16,19
1012,HU,201812,16,19
1013,HU,201901,16,15
1014,HU,201902,16,26
1015,HU,201903,16,25
1016,HU,201904,16,9
1017,HU,201905,16,25
1018,HU,201906,16,3
1019,HU,201907,16,14
1020,HU,201908,16,5
1021,HU,201909,16,9
1022,HU,201910,16,7
1023,HU,201911,16,27
1024,HU,201912,16,10
1025,HU,202001,16,14
1026,HU,202002,16,9
1027,HU,202003,16,13
1028,HU,202004,16,14
1029,HU,202005,16,14
1030,HU,202006,16,5
1031,HU,202007,16,11
1032,HU,202008,16,6
1033,HU,202009,16,24
1034,HU,200803,17,3
1035,HU,200804,17,1
1036,HU,200805,17,1
1037,HU,200806,17,5
1038,HU,200807,17,1
1039,HU,200808,17,1
1040,HU,200810,17,9
1041,HU,200811,17,1
1042,HU,200901,17,7
1043,HU,200902,17,13
1044,HU,200903,17,55
1045,HU,200904,17,17
1046,HU,200905,17,16
1047,HU,200906,17,36
1048,HU,200907,17,7
1049,HU,200908,17,106
1050,HU,200909,17,41
1051,HU,200910,17,36
1052,HU,200911,17,33
1053,HU,200912,17,22
1054,HU,201001,17,28
1055,HU,201002,17,14
1056,HU,201003,17,3
1057,HU,201004,17,8
1058,HU,201005,17,1
1059,HU,201006,17,3
1060,HU,201007,17,15
1061,HU,201008,17,26
1062,HU,201009,17,15
1063,HU,201010,17,21
1064,HU,201011,17,10
1065,HU,201012,17,4
1066,HU,201101,17,17
1067,HU,201102,17,30
1068,HU,201103,17,12
1069,HU,201104,17,19
1070,HU,201105,17,21
1071,HU,201106,17,43
1072,HU,201107,17,27
1073,HU,201108,17,8
1074,HU,201109,17,9
1075,HU,201110,17,24
1076,HU,201111,17,12
1077,HU,201112,17,11
1078,HU,201201,17,14
1079,HU,201202,17,20
1080,HU,201203,17,21
1081,HU,201204,17,16
1082,HU,201205,17,27
1083,HU,201206,17,45
1084,HU,201207,17,20
1085,HU,201208,17,21
1086,HU,201209,17,12
1087,HU,201210,17,39
1088,HU,201211,17,16
1089,HU,201212,17,11
1090,HU,201301,17,4
1091,HU,201302,17,9
1092,HU,201303,17,21
1093,HU,201304,17,6
1094,HU,201305,17,10
1095,HU,201306,17,16
1096,HU,201307,17,10
1097,HU,201308,17,35
1098,HU,201309,17,32
1099,HU,201310,17,37
1100,HU,201311,17,17
1101,HU,201312,17,13
1102,HU,201401,17,59
1103,HU,201402,17,52
1104,HU,201403,17,90
1105,HU,201404,17,67
1106,HU,201405,17,40
1107,HU,201406,17,38
1108,HU,201407,17,31
1109,HU,201408,17,62
1110,HU,201409,17,45
1111,HU,201410,17,63
1112,HU,201411,17,60
1113,HU,201412,17,24
1114,HU,201501,17,74
1115,HU,201502,17,60
1116,HU,201503,17,50
1117,HU,201504,17,42
1118,HU,201505,17,42
1119,HU,201506,17,36
1120,HU,201507,17,22
1121,HU,201508,17,48
1122,HU,201509,17,27
1123,HU,201510,17,47
1124,HU,201511,17,49
1125,HU,201512,17,11
1126,HU,201601,17,29
1127,HU,201602,17,33
1128,HU,201603,17,48
1129,HU,201604,17,54
1130,HU,201605,17,48
1131,HU,201606,17,46
1132,HU,201607,17,54
1133,HU,201608,17,58
1134,HU,201609,17,85
1135,HU,201610,17,151
1136,HU,201611,17,130
1137,HU,201612,17,71
1138,HU,201701,17,56
1139,HU,201702,17,33
1140,HU,201703,17,76
1141,HU,201704,17,37
1142,HU,201705,17,22
1143,HU,201706,17,31
1144,HU,201707,17,45
1145,HU,201708,17,22
1146,HU,201709,17,39
1147,HU,201710,17,73
1148,HU,201711,17,50
1149,HU,201712,17,37
1150,HU,201801,17,31
1151,HU,201802,17,26
1152,HU,201803,17,41
1153,HU,201804,17,36
1154,HU,201805,17,45
1155,HU,201806,17,43
1156,HU,201807,17,33
1157,HU,201808,17,29
1158,HU,201809,17,24
1159,HU,201810,17,72
1160,HU,201811,17,42
1161,HU,201812,17,15
1162,HU,201901,17,66
1163,HU,201902,17,29
1164,HU,201903,17,53
1165,HU,201904,17,51
1166,HU,201905,17,79
1167,HU,201906,17,41
1168,HU,201907,17,75
1169,HU,201908,17,66
1170,HU,201909,17,81
1171,HU,201910,17,31
1172,HU,201911,17,47
1173,HU,201912,17,25
1174,HU,202001,17,48
1175,HU,202002,17,27
1176,HU,202003,17,23
1177,HU,202004,17,13
1178,HU,202005,17,29
1179,HU,202006,17,42
1180,HU,202007,17,35
1181,HU,202008,17,16
1182,HU,202009,17,40
1183,HU,200803,18,5
1184,HU,200805,18,4
1185,HU,200806,18,1
1186,HU,200811,18,3
1187,HU,200901,18,2
1188,HU,200903,18,4
1189,HU,200904,18,7
1190,HU,200905,18,2
1191,HU,200907,18,5
1192,HU,200908,18,4
1193,HU,200909,18,3
1194,HU,200910,18,4
1195,HU,200911,18,2
1196,HU,200912,18,2
1197,HU,201001,18,9
1198,HU,201004,18,1
1199,HU,201005,18,2
1200,HU,201007,18,4
1201,HU,201008,18,1
1202,HU,201009,18,1
1203,HU,201010,18,40
1204,HU,201012,18,2
1205,HU,201101,18,3
1206,HU,201102,18,1
1207,HU,201103,18,6
1208,HU,201104,18,9
1209,HU,201105,18,11
1210,HU,201106,18,1
1211,HU,201107,18,5
1212,HU,201109,18,8
1213,HU,201110,18,1
1214,HU,201111,18,3
1215,HU,201201,18,13
1216,HU,201202,18,5
1217,HU,201203,18,1
1218,HU,201204,18,1
1219,HU,201205,18,2
1220,HU,201206,18,2
1221,HU,201208,18,8
1222,HU,201209,18,11
1223,HU,201210,18,1
1224,HU,201211,18,4
1225,HU,201212,18,3
1226,HU,201301,18,4
1227,HU,201302,18,1
1228,HU,201303,18,10
1229,HU,201306,18,4
1230,HU,201307,18,2
1231,HU,201308,18,8
1232,HU,201309,18,5
1233,HU,201310,18,2
1234,HU,201312,18,6
1235,HU,201402,18,2
1236,HU,201403,18,5
1237,HU,201404,18,2
1238,HU,201405,18,13
1239,HU,201406,18,2
1240,HU,201407,18,11
1241,HU,201408,18,6
1242,HU,201409,18,4
1243,HU,201410,18,5
1244,HU,201411,18,2
1245,HU,201412,18,5
1246,HU,201501,18,6
1247,HU,201502,18,14
1248,HU,201503,18,4
1249,HU,201504,18,11
1250,HU,201505,18,2
1251,HU,201507,18,4
1252,HU,201508,18,21
1253,HU,201509,18,13
1254,HU,201510,18,6
1255,HU,201511,18,16
1256,HU,201512,18,1
1257,HU,201601,18,10
1258,HU,201602,18,5
1259,HU,201603,18,16
1260,HU,201604,18,6
1261,HU,201605,18,4
1262,HU,201606,18,9
1263,HU,201607,18,16
1264,HU,201608,18,20
1265,HU,201609,18,11
1266,HU,201610,18,19
1267,HU,201611,18,7
1268,HU,201612,18,23
1269,HU,201701,18,48
1270,HU,201702,18,8
1271,HU,201703,18,28
1272,HU,201704,18,18
1273,HU,201705,18,12
1274,HU,201706,18,15
1275,HU,201708,18,16
1276,HU,201709,18,8
1277,HU,201710,18,9
1278,HU,201711,18,18
1279,HU,201712,18,4
1280,HU,201801,18,10
1281,HU,201802,18,5
1282,HU,201803,18,4
1283,HU,201804,18,9
1284,HU,201805,18,6
1285,HU,201806,18,18
1286,HU,201807,18,5
1287,HU,201808,18,10
1288,HU,201809,18,14
1289,HU,201810,18,8
1290,HU,201811,18,6
1291,HU,201812,18,12
1292,HU,201901,18,17
1293,HU,201902,18,6
1294,HU,201903,18,9
1295,HU,201904,18,9
1296,HU,201905,18,38
1297,HU,201906,18,21
1298,HU,201907,18,5
1299,HU,201908,18,2
1300,HU,201909,18,4
1301,HU,201910,18,2
1302,HU,201911,18,5
1303,HU,201912,18,1
1304,HU,202001,18,8
1305,HU,202002,18,4
1306,HU,202003,18,34
1307,HU,202004,18,8
1308,HU,202005,18,29
1309,HU,202006,18,2
1310,HU,202007,18,12
1311,HU,202008,18,5
1312,HU,202009,18,1
1313,HU,200805,19,1
1314,HU,200809,19,1
1315,HU,200810,19,1
1316,HU,200905,19,2
1317,HU,200907,19,1
1318,HU,200908,19,1
1319,HU,200909,19,3
1320,HU,201002,19,2
1321,HU,201007,19,1
1322,HU,201009,19,2
1323,HU,201010,19,2
1324,HU,201012,19,2
1325,HU,201103,19,1
1326,HU,201105,19,2
1327,HU,201110,19,1
1328,HU,201112,19,3
1329,HU,201201,19,1
1330,HU,201202,19,2
1331,HU,201203,19,5
1332,HU,201204,19,1
1333,HU,201401,19,2
1334,HU,201402,19,13
1335,HU,201405,19,12
1336,HU,201406,19,1
1337,HU,201407,19,5
1338,HU,201408,19,10
1339,HU,201410,19,4
1340,HU,201411,19,6
1341,HU,201412,19,1
1342,HU,201501,19,1
1343,HU,201502,19,5
1344,HU,201503,19,4
1345,HU,201505,19,3
1346,HU,201506,19,14
1347,HU,201507,19,3
1348,HU,201508,19,5
1349,HU,201509,19,6
1350,HU,201510,19,1
1351,HU,201512,19,5
1352,HU,201601,19,2
1353,HU,201602,19,3
1354,HU,201603,19,1
1355,HU,201604,19,1
1356,HU,201605,19,3
1357,HU,201606,19,5
1358,HU,201611,19,2
1359,HU,201612,19,3
1360,HU,201701,19,1
1361,HU,201702,19,2
1362,HU,201703,19,1
1363,HU,201704,19,5
1364,HU,201705,19,3
1365,HU,201706,19,1
1366,HU,201707,19,4
1367,HU,201709,19,4
1368,HU,201710,19,2
1369,HU,201712,19,4
1370,HU,201801,19,12
1371,HU,201806,19,2
1372,HU,201808,19,5
1373,HU,201809,19,3
1374,HU,201811,19,3
1375,HU,201812,19,5
1376,HU,201902,19,1
1377,HU,201903,19,5
1378,HU,201904,19,4
1379,HU,201905,19,4
1380,HU,201906,19,2
1381,HU,201908,19,1
1382,HU,201909,19,4
1383,HU,201910,19,5
1384,HU,201911,19,1
1385,HU,202003,19,2
1386,HU,202004,19,1
1387,HU,202006,19,1
1388,HU,200803,20,57
1389,HU,200804,20,39
1390,HU,200805,20,35
1391,HU,200806,20,47
1392,HU,200807,20,27
1393,HU,200808,20,32
1394,HU,200809,20,40
1395,HU,200810,20,104
1396,HU,200811,20,67
1397,HU,200812,20,68
1398,HU,200901,20,208
1399,HU,200902,20,180
1400,HU,200903,20,350
1401,HU,200904,20,221
1402,HU,200905,20,129
1403,HU,200906,20,153
1404,HU,200907,20,134
1405,HU,200908,20,172
1406,HU,200909,20,146
1407,HU,200910,20,238
1408,HU,200911,20,153
1409,HU,200912,20,137
1410,HU,201001,20,120
1411,HU,201002,20,92
1412,HU,201003,20,53
1413,HU,201004,20,97
1414,HU,201005,20,81
1415,HU,201006,20,92
1416,HU,201007,20,125
1417,HU,201008,20,154
1418,HU,201009,20,174
1419,HU,201010,20,410
1420,HU,201011,20,171
1421,HU,201012,20,149
1422,HU,201101,20,346
1423,HU,201102,20,235
1424,HU,201103,20,307
1425,HU,201104,20,263
1426,HU,201105,20,201
1427,HU,201106,20,243
1428,HU,201107,20,177
1429,HU,201108,20,152
1430,HU,201109,20,186
1431,HU,201110,20,134
1432,HU,201111,20,233
1433,HU,201112,20,226
1434,HU,201201,20,297
1435,HU,201202,20,230
1436,HU,201203,20,286
1437,HU,201204,20,236
1438,HU,201205,20,220
1439,HU,201206,20,199
1440,HU,201207,20,223
1441,HU,201208,20,135
1442,HU,201209,20,204
1443,HU,201210,20,175
1444,HU,201211,20,182
1445,HU,201212,20,107
1446,HU,201301,20,120
1447,HU,201302,20,145
1448,HU,201303,20,227
1449,HU,201304,20,41
1450,HU,201305,20,61
1451,HU,201306,20,143
1452,HU,201307,20,217
1453,HU,201308,20,179
1454,HU,201309,20,190
1455,HU,201310,20,225
1456,HU,201311,20,210
1457,HU,201312,20,174
1458,HU,201401,20,168
1459,HU,201402,20,233
1460,HU,201403,20,327
1461,HU,201404,20,301
1462,HU,201405,20,300
1463,HU,201406,20,228
1464,HU,201407,20,246
1465,HU,201408,20,216
1466,HU,201409,20,327
1467,HU,201410,20,516
1468,HU,201411,20,376
1469,HU,201412,20,354
1470,HU,201501,20,294
1471,HU,201502,20,452
1472,HU,201503,20,375
1473,HU,201504,20,333
1474,HU,201505,20,340
1475,HU,201506,20,508
1476,HU,201507,20,430
1477,HU,201508,20,647
1478,HU,201509,20,2600
1479,HU,201510,20,715
1480,HU,201511,20,461
1481,HU,201512,20,375
1482,HU,201601,20,477
1483,HU,201602,20,529
1484,HU,201603,20,419
1485,HU,201604,20,411
1486,HU,201605,20,504
1487,HU,201606,20,532
1488,HU,201607,20,461
1489,HU,201608,20,432
1490,HU,201609,20,816
1491,HU,201610,20,676
1492,HU,201611,20,489
1493,HU,201612,20,425
1494,HU,201701,20,385
1495,HU,201702,20,407
1496,HU,201703,20,568
1497,HU,201704,20,675
1498,HU,201705,20,460
1499,HU,201706,20,290
1500,HU,201707,20,526
1501,HU,201708,20,265
1502,HU,201709,20,406
1503,HU,201710,20,329
1504,HU,201711,20,374
1505,HU,201712,20,347
1506,HU,201801,20,359
1507,HU,201802,20,350
1508,HU,201803,20,370
1509,HU,201804,20,383
1510,HU,201805,20,408
1511,HU,201806,20,518
1512,HU,201807,20,333
1513,HU,201808,20,329
1514,HU,201809,20,485
1515,HU,201810,20,479
1516,HU,201811,20,482
1517,HU,201812,20,356
1518,HU,201901,20,325
1519,HU,201902,20,422
1520,HU,201903,20,553
1521,HU,201904,20,308
1522,HU,201905,20,548
1523,HU,201906,20,254
1524,HU,201907,20,276
1525,HU,201908,20,237
1526,HU,201909,20,338
1527,HU,201910,20,300
1528,HU,201911,20,292
1529,HU,201912,20,266
1530,HU,202001,20,227
1531,HU,202002,20,268
1532,HU,202003,20,374
1533,HU,202004,20,399
1534,HU,202005,20,266
1535,HU,202006,20,274
1536,HU,202007,20,243
1537,HU,202008,20,162
1538,HU,202009,20,277
1539,HU,200803,21,2
1540,HU,200804,21,3
1541,HU,200806,21,2
1542,HU,200807,21,1
1543,HU,200808,21,1
1544,HU,200809,21,2
1545,HU,200811,21,3
1546,HU,200902,21,7
1547,HU,200903,21,2
1548,HU,200904,21,4
1549,HU,200905,21,4
1550,HU,200906,21,1
1551,HU,200907,21,2
1552,HU,200908,21,2
1553,HU,200909,21,5
1554,HU,200911,21,6
1555,HU,200912,21,2
1556,HU,201001,21,3
1557,HU,201002,21,2
1558,HU,201004,21,3
1559,HU,201007,21,1
1560,HU,201008,21,1
1561,HU,201009,21,1
1562,HU,201010,21,16
1563,HU,201011,21,2
1564,HU,201012,21,1
1565,HU,201101,21,18
1566,HU,201102,21,2
1567,HU,201103,21,4
1568,HU,201104,21,11
1569,HU,201105,21,3
1570,HU,201106,21,1
1571,HU,201107,21,11
1572,HU,201108,21,4
1573,HU,201109,21,8
1574,HU,201111,21,5
1575,HU,201112,21,5
1576,HU,201201,21,5
1577,HU,201202,21,19
1578,HU,201203,21,6
1579,HU,201204,21,5
1580,HU,201205,21,7
1581,HU,201206,21,6
1582,HU,201207,21,25
1583,HU,201208,21,66
1584,HU,201209,21,4
1585,HU,201210,21,1
1586,HU,201211,21,3
1587,HU,201302,21,2
1588,HU,201303,21,4
1589,HU,201304,21,1
1590,HU,201305,21,4
1591,HU,201306,21,1
1592,HU,201307,21,4
1593,HU,201308,21,9
1594,HU,201309,21,1
1595,HU,201310,21,11
1596,HU,201312,21,6
1597,HU,201401,21,9
1598,HU,201402,21,9
1599,HU,201403,21,8
1600,HU,201404,21,2
1601,HU,201405,21,6
1602,HU,201406,21,9
1603,HU,201407,21,5
1604,HU,201408,21,3
1605,HU,201409,21,4
1606,HU,201410,21,8
1607,HU,201411,21,29
1608,HU,201412,21,14
1609,HU,201501,21,6
1610,HU,201502,21,7
1611,HU,201503,21,5
1612,HU,201504,21,6
1613,HU,201505,21,6
1614,HU,201506,21,11
1615,HU,201507,21,8
1616,HU,201508,21,14
1617,HU,201509,21,35
1618,HU,201510,21,21
1619,HU,201511,21,3
1620,HU,201512,21,6
1621,HU,201602,21,3
1622,HU,201603,21,23
1623,HU,201604,21,20
1624,HU,201605,21,7
1625,HU,201606,21,4
1626,HU,201607,21,22
1627,HU,201608,21,10
1628,HU,201609,21,14
1629,HU,201610,21,6
1630,HU,201611,21,15
1631,HU,201612,21,13
1632,HU,201701,21,13
1633,HU,201702,21,4
1634,HU,201703,21,29
1635,HU,201704,21,10
1636,HU,201705,21,5
1637,HU,201706,21,8
1638,HU,201707,21,16
1639,HU,201708,21,5
1640,HU,201709,21,12
1641,HU,201710,21,2
1642,HU,201711,21,2
1643,HU,201712,21,1
1644,HU,201801,21,2
1645,HU,201802,21,3
1646,HU,201803,21,1
1647,HU,201804,21,2
1648,HU,201805,21,6
1649,HU,201807,21,2
1650,HU,201808,21,13
1651,HU,201809,21,7
1652,HU,201810,21,10
1653,HU,201811,21,25
1654,HU,201812,21,2
1655,HU,201901,21,3
1656,HU,201902,21,9
1657,HU,201903,21,4
1658,HU,201904,21,2
1659,HU,201905,21,14
1660,HU,201906,21,24
1661,HU,201907,21,1
1662,HU,201908,21,4
1663,HU,201909,21,11
1664,HU,201911,21,4
1665,HU,201912,21,12
1666,HU,202001,21,1
1667,HU,202002,21,12
1668,HU,202003,21,6
1669,HU,202004,21,2
1670,HU,202005,21,2
1671,HU,202006,21,8
1672,HU,202007,21,6
1673,HU,202008,21,2
1674,HU,202009,21,1
1675,HU,200803,22,2
1676,HU,200805,22,1
1677,HU,200806,22,1
1678,HU,200807,22,6
1679,HU,200808,22,1
1680,HU,200809,22,2
1681,HU,200812,22,1
1682,HU,200901,22,6
1683,HU,200902,22,2
1684,HU,200903,22,13
1685,HU,200904,22,4
1686,HU,200905,22,1
1687,HU,200906,22,6
1688,HU,200908,22,3
1689,HU,200909,22,7
1690,HU,200910,22,13
1691,HU,200911,22,3
1692,HU,200912,22,3
1693,HU,201001,22,2
1694,HU,201002,22,2
1695,HU,201003,22,2
1696,HU,201004,22,1
1697,HU,201006,22,2
1698,HU,201007,22,1
1699,HU,201008,22,6
1700,HU,201009,22,2
1701,HU,201010,22,4
1702,HU,201011,22,5
1703,HU,201012,22,3
1704,HU,201101,22,13
1705,HU,201102,22,1
1706,HU,201103,22,5
1707,HU,201104,22,5
1708,HU,201105,22,2
1709,HU,201106,22,4
1710,HU,201107,22,3
1711,HU,201108,22,4
1712,HU,201109,22,2
1713,HU,201110,22,3
1714,HU,201111,22,20
1715,HU,201112,22,1
1716,HU,201201,22,6
1717,HU,201202,22,2
1718,HU,201203,22,4
1719,HU,201204,22,3
1720,HU,201205,22,1
1721,HU,201206,22,1
1722,HU,201207,22,5
1723,HU,201208,22,7
1724,HU,201209,22,9
1725,HU,201210,22,3
1726,HU,201211,22,1
1727,HU,201212,22,3
1728,HU,201302,22,3
1729,HU,201303,22,6
1730,HU,201305,22,4
1731,HU,201306,22,1
1732,HU,201307,22,4
1733,HU,201308,22,2
1734,HU,201309,22,8
1735,HU,201310,22,10
1736,HU,201311,22,4
1737,HU,201402,22,3
1738,HU,201403,22,1
1739,HU,201404,22,6
1740,HU,201405,22,6
1741,HU,201406,22,2
1742,HU,201407,22,6
1743,HU,201408,22,2
1744,HU,201409,22,5
1745,HU,201410,22,4
1746,HU,201411,22,16
1747,HU,201412,22,3
1748,HU,201501,22,3
1749,HU,201502,22,4
1750,HU,201503,22,5
1751,HU,201504,22,6
1752,HU,201505,22,14
1753,HU,201506,22,2
1754,HU,201507,22,3
1755,HU,201508,22,16
1756,HU,201509,22,39
1757,HU,201510,22,16
1758,HU,201511,22,12
1759,HU,201512,22,4
1760,HU,201601,22,24
1761,HU,201602,22,2
1762,HU,201603,22,5
1763,HU,201604,22,5
1764,HU,201605,22,3
1765,HU,201606,22,7
1766,HU,201607,22,11
1767,HU,201608,22,6
1768,HU,201609,22,25
1769,HU,201610,22,19
1770,HU,201611,22,16
1771,HU,201612,22,6
1772,HU,201701,22,3
1773,HU,201702,22,4
1774,HU,201703,22,18
1775,HU,201704,22,21
1776,HU,201705,22,9
1777,HU,201706,22,3
1778,HU,201707,22,10
1779,HU,201708,22,4
1780,HU,201709,22,32
1781,HU,201710,22,7
1782,HU,201711,22,7
1783,HU,201712,22,6
1784,HU,201801,22,5
1785,HU,201802,22,8
1786,HU,201803,22,19
1787,HU,201804,22,17
1788,HU,201805,22,4
1789,HU,201806,22,8
1790,HU,201807,22,10
1791,HU,201808,22,12
1792,HU,201809,22,7
1793,HU,201810,22,6
1794,HU,201811,22,8
1795,HU,201812,22,11
1796,HU,201901,22,3
1797,HU,201902,22,12
1798,HU,201903,22,20
1799,HU,201904,22,8
1800,HU,201905,22,21
1801,HU,201906,22,2
1802,HU,201907,22,6
1803,HU,201908,22,1
1804,HU,201909,22,2
1805,HU,201910,22,22
1806,HU,201911,22,19
1807,HU,201912,22,7
1808,HU,202001,22,3
1809,HU,202002,22,8
1810,HU,202003,22,19
1811,HU,202004,22,6
1812,HU,202005,22,12
1813,HU,202006,22,4
1814,HU,202007,22,2
1815,HU,202008,22,5
1816,HU,202009,22,4
1817,HU,200803,23,2
1818,HU,200804,23,1
1819,HU,200805,23,3
1820,HU,200806,23,2
1821,HU,200807,23,1
1822,HU,200808,23,2
1823,HU,200810,23,6
1824,HU,200811,23,6
1825,HU,200812,23,1
1826,HU,200901,23,11
1827,HU,200903,23,27
1828,HU,200904,23,10
1829,HU,200905,23,1
1830,HU,200906,23,9
1831,HU,200908,23,9
1832,HU,200909,23,2
1833,HU,200910,23,7
1834,HU,200911,23,1
1835,HU,200912,23,3
1836,HU,201001,23,6
1837,HU,201002,23,5
1838,HU,201003,23,2
1839,HU,201004,23,8
1840,HU,201007,23,2
1841,HU,201008,23,4
1842,HU,201009,23,2
1843,HU,201010,23,28
1844,HU,201011,23,7
1845,HU,201012,23,22
1846,HU,201101,23,9
1847,HU,201102,23,4
1848,HU,201103,23,2
1849,HU,201104,23,17
1850,HU,201105,23,6
1851,HU,201106,23,25
1852,HU,201107,23,5
1853,HU,201108,23,1
1854,HU,201109,23,4
1855,HU,201110,23,2
1856,HU,201111,23,41
1857,HU,201112,23,17
1858,HU,201201,23,39
1859,HU,201202,23,31
1860,HU,201203,23,12
1861,HU,201204,23,9
1862,HU,201205,23,13
1863,HU,201206,23,5
1864,HU,201207,23,8
1865,HU,201208,23,6
1866,HU,201209,23,12
1867,HU,201210,23,15
1868,HU,201211,23,8
1869,HU,201212,23,3
1870,HU,201301,23,3
1871,HU,201302,23,4
1872,HU,201303,23,1
1873,HU,201305,23,1
1874,HU,201306,23,2
1875,HU,201307,23,8
1876,HU,201308,23,3
1877,HU,201309,23,9
1878,HU,201310,23,8
1879,HU,201311,23,5
1880,HU,201312,23,2
1881,HU,201401,23,12
1882,HU,201402,23,12
1883,HU,201403,23,17
1884,HU,201404,23,12
1885,HU,201405,23,10
1886,HU,201406,23,29
1887,HU,201407,23,4
1888,HU,201408,23,27
1889,HU,201409,23,26
1890,HU,201410,23,8
1891,HU,201411,23,16
1892,HU,201412,23,32
1893,HU,201501,23,21
1894,HU,201502,23,45
1895,HU,201503,23,44
1896,HU,201504,23,6
1897,HU,201505,23,36
1898,HU,201506,23,101
1899,HU,201507,23,130
1900,HU,201508,23,180
1901,HU,201509,23,665
1902,HU,201510,23,109
1903,HU,201511,23,73
1904,HU,201512,23,47
1905,HU,201601,23,32
1906,HU,201602,23,27
1907,HU,201603,23,49
1908,HU,201604,23,29
1909,HU,201605,23,49
1910,HU,201606,23,15
1911,HU,201607,23,56
1912,HU,201608,23,24
1913,HU,201609,23,67
1914,HU,201610,23,85
1915,HU,201611,23,22
1916,HU,201612,23,18
1917,HU,201701,23,21
1918,HU,201702,23,38
1919,HU,201703,23,49
1920,HU,201704,23,25
1921,HU,201705,23,63
1922,HU,201706,23,22
1923,HU,201707,23,29
1924,HU,201708,23,21
1925,HU,201709,23,48
1926,HU,201710,23,17
1927,HU,201711,23,16
1928,HU,201712,23,29
1929,HU,201801,23,39
1930,HU,201802,23,10
1931,HU,201803,23,14
1932,HU,201804,23,29
1933,HU,201805,23,17
1934,HU,201806,23,31
1935,HU,201807,23,18
1936,HU,201808,23,15
1937,HU,201809,23,30
1938,HU,201810,23,10
1939,HU,201811,23,196
1940,HU,201812,23,23
1941,HU,201901,23,22
1942,HU,201902,23,23
1943,HU,201903,23,6
1944,HU,201904,23,16
1945,HU,201905,23,51
1946,HU,201906,23,10
1947,HU,201907,23,6
1948,HU,201908,23,4
1949,HU,201909,23,12
1950,HU,201910,23,12
1951,HU,201911,23,11
1952,HU,201912,23,10
1953,HU,202001,23,10
1954,HU,202002,23,11
1955,HU,202003,23,9
1956,HU,202004,23,6
1957,HU,202005,23,35
1958,HU,202006,23,7
1959,HU,202007,23,7
1960,HU,202008,23,10
1961,HU,202009,23,9
1962,HU,200803,24,5
1963,HU,200804,24,1
1964,HU,200805,24,2
1965,HU,200806,24,10
1966,HU,200903,24,33
1967,HU,200904,24,16
1968,HU,200905,24,1
1969,HU,200906,24,5
1970,HU,200912,24,2
1971,HU,201003,24,1
1972,HU,201004,24,1
1973,HU,201005,24,2
1974,HU,201011,24,5
1975,HU,201012,24,2
1976,HU,201101,24,2
1977,HU,201104,24,5
1978,HU,201105,24,1
1979,HU,201106,24,1
1980,HU,201109,24,1
1981,HU,201110,24,2
1982,HU,201201,24,5
1983,HU,201202,24,1
1984,HU,201203,24,4
1985,HU,201204,24,9
1986,HU,201205,24,1
1987,HU,201206,24,2
1988,HU,201207,24,2
1989,HU,201208,24,4
1990,HU,201209,24,5
1991,HU,201212,24,2
1992,HU,201303,24,15
1993,HU,201306,24,3
1994,HU,201307,24,2
1995,HU,201309,24,2
1996,HU,201310,24,2
1997,HU,201311,24,3
1998,HU,201312,24,2
1999,HU,201403,24,3
2000,HU,201404,24,2
2001,HU,201405,24,3
2002,HU,201406,24,1
2003,HU,201407,24,4
2004,HU,201408,24,2
2005,HU,201410,24,1
2006,HU,201411,24,11
2007,HU,201412,24,3
2008,HU,201501,24,1
2009,HU,201502,24,6
2010,HU,201503,24,4
2011,HU,201505,24,1
2012,HU,201506,24,1
2013,HU,201507,24,2
2014,HU,201508,24,2
2015,HU,201509,24,15
2016,HU,201511,24,3
2017,HU,201512,24,1
2018,HU,201601,24,9
2019,HU,201602,24,4
2020,HU,201604,24,1
2021,HU,201605,24,8
2022,HU,201606,24,4
2023,HU,201608,24,3
2024,HU,201609,24,1
2025,HU,201610,24,13
2026,HU,201611,24,8
2027,HU,201612,24,2
2028,HU,201701,24,2
2029,HU,201702,24,1
2030,HU,201703,24,6
2031,HU,201704,24,15
2032,HU,201705,24,9
2033,HU,201707,24,2
2034,HU,201708,24,3
2035,HU,201709,24,1
2036,HU,201710,24,6
2037,HU,201711,24,4
2038,HU,201712,24,2
2039,HU,201801,24,1
2040,HU,201802,24,15
2041,HU,201803,24,23
2042,HU,201804,24,10
2043,HU,201805,24,7
2044,HU,201808,24,4
2045,HU,201809,24,2
2046,HU,201810,24,3
2047,HU,201811,24,4
2048,HU,201812,24,4
2049,HU,201901,24,8
2050,HU,201902,24,1
2051,HU,201903,24,1
2052,HU,201904,24,1
2053,HU,201905,24,5
2054,HU,201910,24,3
2055,HU,201911,24,1
2056,HU,202001,24,3
2057,HU,202004,24,3
2058,HU,202005,24,4
2059,HU,202006,24,1
2060,HU,202007,24,2
2061,HU,202009,24,7
2062,HU,200803,25,1
2063,HU,200808,25,1
2064,HU,200810,25,3
2065,HU,200811,25,1
2066,HU,200812,25,1
2067,HU,200901,25,6
2068,HU,200902,25,2
2069,HU,200903,25,3
2070,HU,200904,25,5
2071,HU,200905,25,6
2072,HU,200906,25,4
2073,HU,200907,25,2
2074,HU,200908,25,7
2075,HU,200909,25,6
2076,HU,200910,25,10
2077,HU,200911,25,3
2078,HU,200912,25,2
2079,HU,201001,25,1
2080,HU,201002,25,2
2081,HU,201005,25,2
2082,HU,201006,25,2
2083,HU,201007,25,4
2084,HU,201008,25,10
2085,HU,201009,25,6
2086,HU,201010,25,10
2087,HU,201011,25,2
2088,HU,201012,25,16
2089,HU,201101,25,9
2090,HU,201102,25,8
2091,HU,201103,25,14
2092,HU,201104,25,20
2093,HU,201106,25,7
2094,HU,201107,25,7
2095,HU,201108,25,6
2096,HU,201109,25,2
2097,HU,201110,25,4
2098,HU,201111,25,3
2099,HU,201112,25,20
2100,HU,201201,25,8
2101,HU,201202,25,16
2102,HU,201203,25,7
2103,HU,201204,25,6
2104,HU,201205,25,5
2105,HU,201206,25,1
2106,HU,201207,25,12
2107,HU,201208,25,8
2108,HU,201209,25,20
2109,HU,201210,25,10
2110,HU,201211,25,3
2111,HU,201212,25,4
2112,HU,201301,25,3
2113,HU,201302,25,1
2114,HU,201303,25,17
2115,HU,201304,25,2
2116,HU,201305,25,4
2117,HU,201306,25,1
2118,HU,201307,25,4
2119,HU,201309,25,7
2120,HU,201310,25,4
2121,HU,201311,25,1
2122,HU,201312,25,2
2123,HU,201402,25,6
2124,HU,201403,25,7
2125,HU,201404,25,14
2126,HU,201405,25,11
2127,HU,201406,25,12
2128,HU,201407,25,4
2129,HU,201408,25,1
2130,HU,201409,25,5
2131,HU,201410,25,14
2132,HU,201411,25,8
2133,HU,201412,25,17
2134,HU,201501,25,19
2135,HU,201502,25,13
2136,HU,201503,25,5
2137,HU,201504,25,4
2138,HU,201505,25,4
2139,HU,201506,25,14
2140,HU,201507,25,14
2141,HU,201508,25,2
2142,HU,201509,25,98
2143,HU,201510,25,20
2144,HU,201511,25,16
2145,HU,201512,25,21
2146,HU,201601,25,19
2147,HU,201602,25,12
2148,HU,201603,25,10
2149,HU,201604,25,10
2150,HU,201605,25,18
2151,HU,201606,25,7
2152,HU,201607,25,13
2153,HU,201608,25,9
2154,HU,201609,25,21
2155,HU,201610,25,22
2156,HU,201611,25,10
2157,HU,201612,25,10
2158,HU,201701,25,8
2159,HU,201702,25,9
2160,HU,201703,25,17
2161,HU,201704,25,36
2162,HU,201705,25,19
2163,HU,201706,25,16
2164,HU,201707,25,27
2165,HU,201708,25,1
2166,HU,201709,25,38
2167,HU,201710,25,16
2168,HU,201711,25,4
2169,HU,201712,25,6
2170,HU,201801,25,13
2171,HU,201802,25,15
2172,HU,201803,25,3
2173,HU,201804,25,14
2174,HU,201805,25,26
2175,HU,201806,25,44
2176,HU,201807,25,3
2177,HU,201808,25,9
2178,HU,201809,25,12
2179,HU,201810,25,12
2180,HU,201811,25,11
2181,HU,201812,25,25
2182,HU,201901,25,5
2183,HU,201902,25,15
2184,HU,201903,25,18
2185,HU,201904,25,9
2186,HU,201905,25,12
2187,HU,201906,25,9
2188,HU,201907,25,6
2189,HU,201908,25,5
2190,HU,201909,25,7
2191,HU,201910,25,12
2192,HU,201911,25,9
2193,HU,202001,25,5
2194,HU,202002,25,7
2195,HU,202003,25,12
2196,HU,202004,25,18
2197,HU,202005,25,7
2198,HU,202006,25,5
2199,HU,202007,25,27
2200,HU,202008,25,6
2201,HU,202009,25,10
2202,HU,200803,26,2
2203,HU,200804,26,7
2204,HU,200805,26,1
2205,HU,200806,26,2
2206,HU,200809,26,9
2207,HU,200810,26,14
2208,HU,200811,26,8
2209,HU,200812,26,4
2210,HU,200901,26,22
2211,HU,200902,26,7
2212,HU,200903,26,40
2213,HU,200904,26,16
2214,HU,200905,26,13
2215,HU,200906,26,17
2216,HU,200907,26,2
2217,HU,200908,26,18
2218,HU,200909,26,35
2219,HU,200910,26,10
2220,HU,200911,26,8
2221,HU,200912,26,1
2222,HU,201001,26,8
2223,HU,201002,26,6
2224,HU,201003,26,4
2225,HU,201004,26,5
2226,HU,201005,26,4
2227,HU,201006,26,2
2228,HU,201007,26,2
2229,HU,201008,26,2
2230,HU,201009,26,20
2231,HU,201010,26,13
2232,HU,201011,26,13
2233,HU,201012,26,6
2234,HU,201101,26,24
2235,HU,201102,26,11
2236,HU,201103,26,20
2237,HU,201104,26,30
2238,HU,201105,26,25
2239,HU,201106,26,34
2240,HU,201107,26,11
2241,HU,201108,26,3
2242,HU,201109,26,10
2243,HU,201110,26,7
2244,HU,201111,26,15
2245,HU,201112,26,6
2246,HU,201201,26,15
2247,HU,201202,26,19
2248,HU,201203,26,13
2249,HU,201204,26,12
2250,HU,201205,26,8
2251,HU,201206,26,10
2252,HU,201207,26,7
2253,HU,201208,26,13
2254,HU,201209,26,12
2255,HU,201210,26,14
2256,HU,201211,26,7
2257,HU,201212,26,1
2258,HU,201301,26,10
2259,HU,201302,26,9
2260,HU,201303,26,31
2261,HU,201304,26,7
2262,HU,201305,26,3
2263,HU,201306,26,1
2264,HU,201307,26,14
2265,HU,201308,26,14
2266,HU,201309,26,7
2267,HU,201310,26,15
2268,HU,201311,26,11
2269,HU,201312,26,5
2270,HU,201401,26,12
2271,HU,201402,26,11
2272,HU,201403,26,30
2273,HU,201404,26,11
2274,HU,201405,26,8
2275,HU,201406,26,19
2276,HU,201407,26,15
2277,HU,201408,26,5
2278,HU,201409,26,21
2279,HU,201410,26,19
2280,HU,201411,26,11
2281,HU,201412,26,16
2282,HU,201501,26,14
2283,HU,201502,26,27
2284,HU,201503,26,27
2285,HU,201504,26,20
2286,HU,201505,26,19
2287,HU,201506,26,28
2288,HU,201507,26,18
2289,HU,201508,26,21
2290,HU,201509,26,115
2291,HU,201510,26,32
2292,HU,201511,26,22
2293,HU,201512,26,34
2294,HU,201601,26,28
2295,HU,201602,26,21
2296,HU,201603,26,34
2297,HU,201604,26,19
2298,HU,201605,26,12
2299,HU,201606,26,14
2300,HU,201607,26,20
2301,HU,201608,26,10
2302,HU,201609,26,35
2303,HU,201610,26,34
2304,HU,201611,26,61
2305,HU,201612,26,48
2306,HU,201701,26,18
2307,HU,201702,26,20
2308,HU,201703,26,50
2309,HU,201704,26,43
2310,HU,201705,26,23
2311,HU,201706,26,12
2312,HU,201707,26,22
2313,HU,201708,26,10
2314,HU,201709,26,20
2315,HU,201710,26,26
2316,HU,201711,26,14
2317,HU,201712,26,32
2318,HU,201801,26,17
2319,HU,201802,26,34
2320,HU,201803,26,22
2321,HU,201804,26,20
2322,HU,201805,26,15
2323,HU,201806,26,30
2324,HU,201807,26,29
2325,HU,201808,26,21
2326,HU,201809,26,17
2327,HU,201810,26,30
2328,HU,201811,26,30
2329,HU,201812,26,4
2330,HU,201901,26,22
2331,HU,201902,26,23
2332,HU,201903,26,30
2333,HU,201904,26,10
2334,HU,201905,26,78
2335,HU,201906,26,18
2336,HU,201907,26,8
2337,HU,201908,26,2
2338,HU,201909,26,27
2339,HU,201910,26,24
2340,HU,201911,26,17
2341,HU,201912,26,18
2342,HU,202001,26,4
2343,HU,202002,26,17
2344,HU,202003,26,12
2345,HU,202004,26,7
2346,HU,202005,26,9
2347,HU,202006,26,7
2348,HU,202007,26,9
2349,HU,202008,26,13
2350,HU,202009,26,11
2351,HU,200811,27,2
2352,HU,200901,27,6
2353,HU,200902,27,3
2354,HU,200903,27,1
2355,HU,200904,27,2
2356,HU,200909,27,1
2357,HU,200912,27,1
2358,HU,201002,27,3
2359,HU,201003,27,1
2360,HU,201006,27,1
2361,HU,201007,27,1
2362,HU,201008,27,2
2363,HU,201009,27,1
2364,HU,201012,27,2
2365,HU,201104,27,4
2366,HU,201105,27,4
2367,HU,201106,27,1
2368,HU,201107,27,1
2369,HU,201108,27,2
2370,HU,201109,27,1
2371,HU,201110,27,2
2372,HU,201111,27,1
2373,HU,201201,27,14
2374,HU,201204,27,1
2375,HU,201205,27,1
2376,HU,201208,27,1
2377,HU,201209,27,3
2378,HU,201211,27,2
2379,HU,201302,27,1
2380,HU,201303,27,2
2381,HU,201307,27,4
2382,HU,201308,27,2
2383,HU,201310,27,1
2384,HU,201311,27,4
2385,HU,201403,27,1
2386,HU,201404,27,3
2387,HU,201406,27,2
2388,HU,201408,27,1
2389,HU,201409,27,2
2390,HU,201411,27,1
2391,HU,201412,27,1
2392,HU,201501,27,6
2393,HU,201502,27,8
2394,HU,201503,27,7
2395,HU,201506,27,18
2396,HU,201507,27,13
2397,HU,201509,27,16
2398,HU,201510,27,6
2399,HU,201511,27,1
2400,HU,201601,27,1
2401,HU,201602,27,2
2402,HU,201603,27,7
2403,HU,201605,27,3
2404,HU,201606,27,2
2405,HU,201607,27,7
2406,HU,201608,27,7
2407,HU,201609,27,2
2408,HU,201610,27,1
2409,HU,201611,27,4
2410,HU,201701,27,2
2411,HU,201705,27,3
2412,HU,201708,27,1
2413,HU,201709,27,1
2414,HU,201710,27,1
2415,HU,201711,27,1
2416,HU,201712,27,3
2417,HU,201802,27,2
2418,HU,201803,27,2
2419,HU,201804,27,5
2420,HU,201805,27,3
2421,HU,201806,27,11
2422,HU,201808,27,2
2423,HU,201809,27,4
2424,HU,201810,27,8
2425,HU,201811,27,3
2426,HU,201812,27,11
2427,HU,201902,27,2
2428,HU,201907,27,3
2429,HU,201908,27,2
2430,HU,201910,27,2
2431,HU,201911,27,1
2432,HU,202002,27,1
2433,HU,202003,27,3
2434,HU,202004,27,1
2435,HU,202005,27,1
2436,HU,202006,27,1
2437,HU,200803,28,1
2438,HU,200812,28,1
2439,HU,200906,28,2
2440,HU,200907,28,5
2441,HU,200910,28,1
2442,HU,200912,28,2
2443,HU,201101,28,1
2444,HU,201104,28,2
2445,HU,201108,28,8
2446,HU,201109,28,4
2447,HU,201110,28,1
2448,HU,201201,28,1
2449,HU,201203,28,2
2450,HU,201206,28,1
2451,HU,201211,28,1
2452,HU,201212,28,1
2453,HU,201302,28,1
2454,HU,201308,28,3
2455,HU,201309,28,2
2456,HU,201310,28,1
2457,HU,201311,28,2
2458,HU,201403,28,1
2459,HU,201404,28,4
2460,HU,201406,28,1
2461,HU,201410,28,1
2462,HU,201411,28,2
2463,HU,201412,28,4
2464,HU,201506,28,1
2465,HU,201508,28,1
2466,HU,201509,28,1
2467,HU,201511,28,1
2468,HU,201601,28,1
2469,HU,201605,28,1
2470,HU,201611,28,5
2471,HU,201701,28,1
2472,HU,201702,28,6
2473,HU,201708,28,1
2474,HU,201709,28,5
2475,HU,201710,28,1
2476,HU,201711,28,1
2477,HU,201801,28,2
2478,HU,201806,28,1
2479,HU,201807,28,1
2480,HU,201811,28,3
2481,HU,201812,28,1
2482,HU,201902,28,3
2483,HU,201903,28,1
2484,HU,201905,28,4
2485,HU,201906,28,3
2486,HU,201909,28,3
2487,HU,201910,28,1
2488,HU,202005,28,1
2489,HU,202007,28,2
2490,HU,200803,30,27
2491,HU,200804,30,24
2492,HU,200805,30,21
2493,HU,200806,30,8
2494,HU,200807,30,41
2495,HU,200808,30,12
2496,HU,200809,30,11
2497,HU,200810,30,98
2498,HU,200811,30,21
2499,HU,200812,30,41
2500,HU,200901,30,70
2501,HU,200902,30,55
2502,HU,200903,30,78
2503,HU,200904,30,68
2504,HU,200905,30,61
2505,HU,200906,30,46
2506,HU,200907,30,64
2507,HU,200908,30,46
2508,HU,200909,30,108
2509,HU,200910,30,96
2510,HU,200911,30,51
2511,HU,200912,30,101
2512,HU,201001,30,39
2513,HU,201002,30,98
2514,HU,201003,30,38
2515,HU,201004,30,32
2516,HU,201005,30,22
2517,HU,201006,30,6
2518,HU,201007,30,58
2519,HU,201008,30,39
2520,HU,201009,30,57
2521,HU,201010,30,81
2522,HU,201011,30,66
2523,HU,201012,30,67
2524,HU,201101,30,97
2525,HU,201102,30,98
2526,HU,201103,30,101
2527,HU,201104,30,104
2528,HU,201105,30,120
2529,HU,201106,30,132
2530,HU,201107,30,59
2531,HU,201108,30,28
2532,HU,201109,30,20
2533,HU,201110,30,44
2534,HU,201111,30,42
2535,HU,201112,30,89
2536,HU,201201,30,184
2537,HU,201202,30,97
2538,HU,201203,30,98
2539,HU,201204,30,96
2540,HU,201205,30,50
2541,HU,201206,30,52
2542,HU,201207,30,84
2543,HU,201208,30,50
2544,HU,201209,30,79
2545,HU,201210,30,54
2546,HU,201211,30,53
2547,HU,201212,30,22
2548,HU,201301,30,46
2549,HU,201302,30,35
2550,HU,201303,30,70
2551,HU,201304,30,17
2552,HU,201305,30,10
2553,HU,201306,30,41
2554,HU,201307,30,97
2555,HU,201308,30,56
2556,HU,201309,30,102
2557,HU,201310,30,77
2558,HU,201311,30,67
2559,HU,201312,30,92
2560,HU,201401,30,99
2561,HU,201402,30,91
2562,HU,201403,30,210
2563,HU,201404,30,72
2564,HU,201405,30,53
2565,HU,201406,30,87
2566,HU,201407,30,69
2567,HU,201408,30,66
2568,HU,201409,30,69
2569,HU,201410,30,80
2570,HU,201411,30,108
2571,HU,201412,30,91
2572,HU,201501,30,64
2573,HU,201502,30,193
2574,HU,201503,30,147
2575,HU,201504,30,126
2576,HU,201505,30,162
2577,HU,201506,30,178
2578,HU,201507,30,206
2579,HU,201508,30,118
2580,HU,201509,30,723
2581,HU,201510,30,297
2582,HU,201511,30,158
2583,HU,201512,30,169
2584,HU,201601,30,133
2585,HU,201602,30,235
2586,HU,201603,30,169
2587,HU,201604,30,113
2588,HU,201605,30,112
2589,HU,201606,30,154
2590,HU,201607,30,131
2591,HU,201608,30,127
2592,HU,201609,30,174
2593,HU,201610,30,203
2594,HU,201611,30,205
2595,HU,201612,30,152
2596,HU,201701,30,123
2597,HU,201702,30,202
2598,HU,201703,30,177
2599,HU,201704,30,269
2600,HU,201705,30,170
2601,HU,201706,30,204
2602,HU,201707,30,138
2603,HU,201708,30,76
2604,HU,201709,30,163
2605,HU,201710,30,137
2606,HU,201711,30,204
2607,HU,201712,30,138
2608,HU,201801,30,179
2609,HU,201802,30,126
2610,HU,201803,30,116
2611,HU,201804,30,125
2612,HU,201805,30,145
2613,HU,201806,30,196
2614,HU,201807,30,127
2615,HU,201808,30,71
2616,HU,201809,30,128
2617,HU,201810,30,134
2618,HU,201811,30,153
2619,HU,201812,30,207
2620,HU,201901,30,114
2621,HU,201902,30,120
2622,HU,201903,30,114
2623,HU,201904,30,143
2624,HU,201905,30,176
2625,HU,201906,30,212
2626,HU,201907,30,80
2627,HU,201908,30,52
2628,HU,201909,30,74
2629,HU,201910,30,151
2630,HU,201911,30,106
2631,HU,201912,30,68
2632,HU,202001,30,52
2633,HU,202002,30,62
2634,HU,202003,30,108
2635,HU,202004,30,81
2636,HU,202005,30,121
2637,HU,202006,30,71
2638,HU,202007,30,101
2639,HU,202008,30,61
2640,HU,202009,30,118
2641,HU,200803,31,4
2642,HU,200804,31,4
2643,HU,200805,31,4
2644,HU,200806,31,11
2645,HU,200807,31,1
2646,HU,200808,31,2
2647,HU,200809,31,3
2648,HU,200810,31,8
2649,HU,200811,31,1
2650,HU,200812,31,3
2651,HU,200901,31,48
2652,HU,200902,31,20
2653,HU,200903,31,18
2654,HU,200904,31,11
2655,HU,200905,31,31
2656,HU,200906,31,15
2657,HU,200907,31,6
2658,HU,200908,31,7
2659,HU,200909,31,29
2660,HU,200910,31,26
2661,HU,200911,31,19
2662,HU,200912,31,11
2663,HU,201001,31,10
2664,HU,201002,31,11
2665,HU,201003,31,2
2666,HU,201004,31,4
2667,HU,201005,31,5
2668,HU,201006,31,3
2669,HU,201007,31,9
2670,HU,201008,31,15
2671,HU,201009,31,32
2672,HU,201010,31,12
2673,HU,201011,31,13
2674,HU,201012,31,17
2675,HU,201101,31,15
2676,HU,201102,31,14
2677,HU,201103,31,14
2678,HU,201104,31,33
2679,HU,201105,31,21
2680,HU,201106,31,21
2681,HU,201107,31,22
2682,HU,201108,31,12
2683,HU,201109,31,14
2684,HU,201110,31,10
2685,HU,201111,31,25
2686,HU,201112,31,2
2687,HU,201201,31,20
2688,HU,201202,31,14
2689,HU,201203,31,16
2690,HU,201204,31,20
2691,HU,201205,31,17
2692,HU,201206,31,9
2693,HU,201207,31,17
2694,HU,201208,31,8
2695,HU,201209,31,14
2696,HU,201210,31,17
2697,HU,201211,31,23
2698,HU,201212,31,12
2699,HU,201301,31,3
2700,HU,201302,31,13
2701,HU,201303,31,41
2702,HU,201304,31,2
2703,HU,201305,31,1
2704,HU,201306,31,10
2705,HU,201307,31,20
2706,HU,201308,31,8
2707,HU,201309,31,35
2708,HU,201310,31,28
2709,HU,201311,31,16
2710,HU,201312,31,9
2711,HU,201401,31,46
2712,HU,201402,31,33
2713,HU,201403,31,21
2714,HU,201404,31,26
2715,HU,201405,31,6
2716,HU,201406,31,16
2717,HU,201407,31,11
2718,HU,201408,31,19
2719,HU,201409,31,30
2720,HU,201410,31,59
2721,HU,201411,31,22
2722,HU,201412,31,29
2723,HU,201501,31,18
2724,HU,201502,31,67
2725,HU,201503,31,71
2726,HU,201504,31,60
2727,HU,201505,31,17
2728,HU,201506,31,148
2729,HU,201507,31,71
2730,HU,201508,31,45
2731,HU,201509,31,190
2732,HU,201510,31,64
2733,HU,201511,31,49
2734,HU,201512,31,26
2735,HU,201601,31,62
2736,HU,201602,31,57
2737,HU,201603,31,48
2738,HU,201604,31,62
2739,HU,201605,31,56
2740,HU,201606,31,47
2741,HU,201607,31,51
2742,HU,201608,31,51
2743,HU,201609,31,69
2744,HU,201610,31,22
2745,HU,201611,31,84
2746,HU,201612,31,74
2747,HU,201701,31,30
2748,HU,201702,31,44
2749,HU,201703,31,46
2750,HU,201704,31,36
2751,HU,201705,31,49
2752,HU,201706,31,27
2753,HU,201707,31,26
2754,HU,201708,31,27
2755,HU,201709,31,23
2756,HU,201710,31,29
2757,HU,201711,31,41
2758,HU,201712,31,19
2759,HU,201801,31,56
2760,HU,201802,31,53
2761,HU,201803,31,24
2762,HU,201804,31,9
2763,HU,201805,31,19
2764,HU,201806,31,31
2765,HU,201807,31,25
2766,HU,201808,31,10
2767,HU,201809,31,21
2768,HU,201810,31,20
2769,HU,201811,31,42
2770,HU,201812,31,13
2771,HU,201901,31,35
2772,HU,201902,31,41
2773,HU,201903,31,58
2774,HU,201904,31,43
2775,HU,201905,31,49
2776,HU,201906,31,20
2777,HU,201907,31,24
2778,HU,201908,31,23
2779,HU,201909,31,20
2780,HU,201910,31,21
2781,HU,201911,31,24
2782,HU,201912,31,20
2783,HU,202001,31,15
2784,HU,202002,31,26
2785,HU,202003,31,12
2786,HU,202004,31,21
2787,HU,202005,31,15
2788,HU,202006,31,17
2789,HU,202007,31,10
2790,HU,202008,31,4
2791,HU,202009,31,30
2792,HU,200804,32,1
2793,HU,200806,32,2
2794,HU,200807,32,1
2795,HU,200810,32,3
2796,HU,200811,32,3
2797,HU,200901,32,3
2798,HU,200902,32,3
2799,HU,200903,32,7
2800,HU,200904,32,1
2801,HU,200905,32,6
2802,HU,200906,32,2
2803,HU,200907,32,4
2804,HU,200908,32,4
2805,HU,200909,32,6
2806,HU,200910,32,3
2807,HU,200911,32,1
2808,HU,200912,32,2
2809,HU,201001,32,2
2810,HU,201002,32,5
2811,HU,201003,32,2
2812,HU,201004,32,3
2813,HU,201006,32,3
2814,HU,201007,32,8
2815,HU,201009,32,11
2816,HU,201010,32,3
2817,HU,201011,32,2
2818,HU,201101,32,1
2819,HU,201102,32,3
2820,HU,201103,32,5
2821,HU,201104,32,12
2822,HU,201105,32,5
2823,HU,201106,32,9
2824,HU,201107,32,1
2825,HU,201108,32,1
2826,HU,201110,32,2
2827,HU,201111,32,3
2828,HU,201112,32,5
2829,HU,201201,32,8
2830,HU,201202,32,2
2831,HU,201203,32,1
2832,HU,201206,32,3
2833,HU,201207,32,2
2834,HU,201208,32,7
2835,HU,201209,32,1
2836,HU,201210,32,2
2837,HU,201211,32,1
2838,HU,201212,32,1
2839,HU,201301,32,1
2840,HU,201302,32,5
2841,HU,201305,32,2
2842,HU,201306,32,4
2843,HU,201309,32,1
2844,HU,201310,32,6
2845,HU,201311,32,5
2846,HU,201312,32,1
2847,HU,201401,32,2
2848,HU,201402,32,4
2849,HU,201403,32,3
2850,HU,201404,32,4
2851,HU,201405,32,5
2852,HU,201406,32,3
2853,HU,201407,32,3
2854,HU,201408,32,5
2855,HU,201409,32,7
2856,HU,201410,32,1
2857,HU,201411,32,34
2858,HU,201412,32,10
2859,HU,201501,32,3
2860,HU,201502,32,16
2861,HU,201503,32,6
2862,HU,201504,32,3
2863,HU,201505,32,13
2864,HU,201506,32,4
2865,HU,201507,32,21
2866,HU,201508,32,7
2867,HU,201509,32,15
2868,HU,201510,32,5
2869,HU,201511,32,5
2870,HU,201512,32,9
2871,HU,201601,32,1
2872,HU,201602,32,3
2873,HU,201604,32,4
2874,HU,201605,32,5
2875,HU,201606,32,11
2876,HU,201607,32,15
2877,HU,201608,32,4
2878,HU,201609,32,13
2879,HU,201610,32,7
2880,HU,201611,32,5
2881,HU,201612,32,1
2882,HU,201701,32,5
2883,HU,201702,32,10
2884,HU,201703,32,17
2885,HU,201704,32,4
2886,HU,201705,32,13
2887,HU,201706,32,3
2888,HU,201707,32,20
2889,HU,201708,32,6
2890,HU,201709,32,5
2891,HU,201710,32,7
2892,HU,201711,32,2
2893,HU,201712,32,12
2894,HU,201801,32,8
2895,HU,201802,32,2
2896,HU,201803,32,1
2897,HU,201804,32,4
2898,HU,201805,32,4
2899,HU,201806,32,5
2900,HU,201807,32,4
2901,HU,201808,32,3
2902,HU,201809,32,21
2903,HU,201810,32,9
2904,HU,201811,32,16
2905,HU,201812,32,8
2906,HU,201901,32,3
2907,HU,201902,32,6
2908,HU,201903,32,14
2909,HU,201904,32,6
2910,HU,201905,32,1
2911,HU,201906,32,13
2912,HU,201907,32,3
2913,HU,201908,32,8
2914,HU,201909,32,3
2915,HU,201910,32,4
2916,HU,201911,32,5
2917,HU,201912,32,2
2918,HU,202001,32,7
2919,HU,202002,32,2
2920,HU,202003,32,6
2921,HU,202004,32,1
2922,HU,202005,32,9
2923,HU,202006,32,8
2924,HU,202007,32,1
2925,HU,202009,32,11
2926,HU,200803,33,3
2927,HU,200804,33,3
2928,HU,200805,33,1
2929,HU,200806,33,1
2930,HU,200807,33,2
2931,HU,200808,33,1
2932,HU,200809,33,1
2933,HU,200810,33,28
2934,HU,200811,33,9
2935,HU,200812,33,2
2936,HU,200901,33,26
2937,HU,200902,33,18
2938,HU,200903,33,16
2939,HU,200904,33,8
2940,HU,200905,33,3
2941,HU,200906,33,8
2942,HU,200908,33,3
2943,HU,200909,33,4
2944,HU,200910,33,14
2945,HU,200911,33,7
2946,HU,200912,33,16
2947,HU,201001,33,13
2948,HU,201002,33,7
2949,HU,201003,33,7
2950,HU,201004,33,9
2951,HU,201005,33,8
2952,HU,201006,33,2
2953,HU,201007,33,10
2954,HU,201008,33,4
2955,HU,201009,33,6
2956,HU,201010,33,29
2957,HU,201011,33,21
2958,HU,201012,33,1
2959,HU,201101,33,9
2960,HU,201102,33,7
2961,HU,201103,33,7
2962,HU,201104,33,11
2963,HU,201105,33,13
2964,HU,201106,33,8
2965,HU,201107,33,10
2966,HU,201108,33,9
2967,HU,201109,33,6
2968,HU,201110,33,6
2969,HU,201111,33,14
2970,HU,201112,33,9
2971,HU,201201,33,15
2972,HU,201202,33,16
2973,HU,201203,33,9
2974,HU,201204,33,17
2975,HU,201205,33,9
2976,HU,201206,33,5
2977,HU,201207,33,4
2978,HU,201208,33,5
2979,HU,201209,33,9
2980,HU,201210,33,18
2981,HU,201211,33,5
2982,HU,201212,33,11
2983,HU,201301,33,7
2984,HU,201302,33,3
2985,HU,201303,33,9
2986,HU,201305,33,1
2987,HU,201306,33,9
2988,HU,201307,33,18
2989,HU,201308,33,7
2990,HU,201309,33,16
2991,HU,201310,33,11
2992,HU,201311,33,21
2993,HU,201312,33,10
2994,HU,201401,33,13
2995,HU,201402,33,15
2996,HU,201403,33,19
2997,HU,201404,33,13
2998,HU,201405,33,5
2999,HU,201406,33,14
3000,HU,201407,33,3
3001,HU,201408,33,22
3002,HU,201409,33,35
3003,HU,201410,33,28
3004,HU,201411,33,24
3005,HU,201412,33,14
3006,HU,201501,33,7
3007,HU,201502,33,42
3008,HU,201503,33,33
3009,HU,201504,33,24
3010,HU,201505,33,12
3011,HU,201506,33,27
3012,HU,201507,33,27
3013,HU,201508,33,66
3014,HU,201509,33,286
3015,HU,201510,33,65
3016,HU,201511,33,39
3017,HU,201512,33,16
3018,HU,201601,33,23
3019,HU,201602,33,22
3020,HU,201603,33,24
3021,HU,201604,33,28
3022,HU,201605,33,20
3023,HU,201606,33,17
3024,HU,201607,33,26
3025,HU,201608,33,33
3026,HU,201609,33,31
3027,HU,201610,33,17
3028,HU,201611,33,33
3029,HU,201612,33,34
3030,HU,201701,33,18
3031,HU,201702,33,20
3032,HU,201703,33,34
3033,HU,201704,33,15
3034,HU,201705,33,26
3035,HU,201706,33,13
3036,HU,201707,33,17
3037,HU,201708,33,16
3038,HU,201709,33,13
3039,HU,201710,33,7
3040,HU,201711,33,29
3041,HU,201712,33,19
3042,HU,201801,33,16
3043,HU,201802,33,22
3044,HU,201803,33,26
3045,HU,201804,33,29
3046,HU,201805,33,20
3047,HU,201806,33,29
3048,HU,201807,33,15
3049,HU,201808,33,12
3050,HU,201809,33,30
3051,HU,201810,33,19
3052,HU,201811,33,13
3053,HU,201812,33,15
3054,HU,201901,33,9
3055,HU,201902,33,15
3056,HU,201903,33,12
3057,HU,201904,33,18
3058,HU,201905,33,11
3059,HU,201906,33,10
3060,HU,201907,33,18
3061,HU,201908,33,6
3062,HU,201909,33,14
3063,HU,201910,33,13
3064,HU,201911,33,23
3065,HU,201912,33,9
3066,HU,202001,33,8
3067,HU,202002,33,12
3068,HU,202003,33,36
3069,HU,202004,33,24
3070,HU,202005,33,10
3071,HU,202006,33,22
3072,HU,202007,33,8
3073,HU,202008,33,15
3074,HU,202009,33,8
3075,HU,200803,34,3
3076,HU,200805,34,1
3077,HU,200812,34,1
3078,HU,200903,34,2
3079,HU,200909,34,2
3080,HU,200911,34,1
3081,HU,201004,34,2
3082,HU,201102,34,5
3083,HU,201103,34,3
3084,HU,201104,34,1
3085,HU,201105,34,2
3086,HU,201112,34,1
3087,HU,201201,34,1
3088,HU,201203,34,2
3089,HU,201303,34,1
3090,HU,201406,34,1
3091,HU,201410,34,1
3092,HU,201601,34,1
3093,HU,201604,34,3
3094,HU,201607,34,2
3095,HU,201610,34,17
3096,HU,201611,34,2
3097,HU,201612,34,2
3098,HU,201701,34,1
3099,HU,201704,34,1
3100,HU,201705,34,1
3101,HU,201707,34,5
3102,HU,201708,34,1
3103,HU,201709,34,1
3104,HU,201801,34,7
3105,HU,201802,34,2
3106,HU,201803,34,7
3107,HU,201804,34,5
3108,HU,201805,34,16
3109,HU,201810,34,1
3110,HU,201902,34,1
3111,HU,201903,34,1
3112,HU,201907,34,4
3113,HU,201911,34,1
3114,HU,202003,34,1
3115,HU,202004,34,1
3116,HU,202007,34,1
3117,HU,200803,35,3
3118,HU,200804,35,3
3119,HU,200805,35,1
3120,HU,200806,35,1
3121,HU,200807,35,3
3122,HU,200808,35,2
3123,HU,200809,35,1
3124,HU,200810,35,1
3125,HU,200901,35,11
3126,HU,200902,35,1
3127,HU,200903,35,12
3128,HU,200904,35,3
3129,HU,200905,35,5
3130,HU,200906,35,3
3131,HU,200907,35,1
3132,HU,200908,35,2
3133,HU,200909,35,2
3134,HU,200910,35,6
3135,HU,200911,35,1
3136,HU,200912,35,2
3137,HU,201001,35,6
3138,HU,201002,35,3
3139,HU,201003,35,1
3140,HU,201004,35,1
3141,HU,201005,35,2
3142,HU,201006,35,1
3143,HU,201007,35,2
3144,HU,201008,35,11
3145,HU,201009,35,3
3146,HU,201010,35,9
3147,HU,201011,35,5
3148,HU,201012,35,8
3149,HU,201101,35,8
3150,HU,201102,35,9
3151,HU,201103,35,18
3152,HU,201104,35,10
3153,HU,201105,35,10
3154,HU,201106,35,3
3155,HU,201107,35,10
3156,HU,201109,35,6
3157,HU,201110,35,3
3158,HU,201111,35,3
3159,HU,201112,35,9
3160,HU,201201,35,13
3161,HU,201202,35,10
3162,HU,201203,35,11
3163,HU,201204,35,2
3164,HU,201205,35,2
3165,HU,201206,35,6
3166,HU,201207,35,1
3167,HU,201208,35,4
3168,HU,201209,35,3
3169,HU,201210,35,14
3170,HU,201211,35,2
3171,HU,201212,35,2
3172,HU,201301,35,1
3173,HU,201302,35,1
3174,HU,201303,35,2
3175,HU,201304,35,1
3176,HU,201306,35,5
3177,HU,201307,35,5
3178,HU,201308,35,15
3179,HU,201309,35,6
3180,HU,201310,35,12
3181,HU,201311,35,7
3182,HU,201312,35,2
3183,HU,201401,35,10
3184,HU,201402,35,1
3185,HU,201403,35,10
3186,HU,201404,35,12
3187,HU,201405,35,2
3188,HU,201406,35,8
3189,HU,201407,35,3
3190,HU,201409,35,12
3191,HU,201410,35,16
3192,HU,201411,35,10
3193,HU,201412,35,11
3194,HU,201501,35,3
3195,HU,201502,35,7
3196,HU,201503,35,21
3197,HU,201504,35,8
3198,HU,201505,35,10
3199,HU,201506,35,10
3200,HU,201507,35,6
3201,HU,201508,35,13
3202,HU,201509,35,63
3203,HU,201510,35,12
3204,HU,201511,35,11
3205,HU,201512,35,3
3206,HU,201601,35,12
3207,HU,201602,35,26
3208,HU,201603,35,5
3209,HU,201604,35,11
3210,HU,201605,35,15
3211,HU,201606,35,14
3212,HU,201607,35,8
3213,HU,201608,35,13
3214,HU,201609,35,12
3215,HU,201610,35,17
3216,HU,201611,35,11
3217,HU,201612,35,9
3218,HU,201701,35,8
3219,HU,201702,35,10
3220,HU,201703,35,12
3221,HU,201704,35,16
3222,HU,201705,35,11
3223,HU,201706,35,17
3224,HU,201707,35,10
3225,HU,201708,35,6
3226,HU,201709,35,3
3227,HU,201710,35,10
3228,HU,201711,35,11
3229,HU,201712,35,1
3230,HU,201801,35,8
3231,HU,201802,35,6
3232,HU,201803,35,9
3233,HU,201804,35,20
3234,HU,201805,35,26
3235,HU,201806,35,6
3236,HU,201807,35,14
3237,HU,201808,35,3
3238,HU,201809,35,24
3239,HU,201810,35,41
3240,HU,201811,35,30
3241,HU,201812,35,20
3242,HU,201901,35,15
3243,HU,201902,35,6
3244,HU,201903,35,28
3245,HU,201904,35,6
3246,HU,201905,35,12
3247,HU,201906,35,6
3248,HU,201907,35,3
3249,HU,201908,35,6
3250,HU,201909,35,7
3251,HU,201910,35,13
3252,HU,201911,35,7
3253,HU,201912,35,5
3254,HU,202001,35,15
3255,HU,202002,35,4
3256,HU,202003,35,12
3257,HU,202004,35,15
3258,HU,202005,35,7
3259,HU,202006,35,11
3260,HU,202007,35,5
3261,HU,202008,35,1
3262,HU,202009,35,5
3263,HU,200803,36,58
3264,HU,200804,36,40
3265,HU,200805,36,41
3266,HU,200806,36,26
3267,HU,200807,36,23
3268,HU,200808,36,52
3269,HU,200809,36,33
3270,HU,200810,36,108
3271,HU,200811,36,35
3272,HU,200812,36,87
3273,HU,200901,36,204
3274,HU,200902,36,159
3275,HU,200903,36,242
3276,HU,200904,36,156
3277,HU,200905,36,166
3278,HU,200906,36,114
3279,HU,200907,36,77
3280,HU,200908,36,198
3281,HU,200909,36,282
3282,HU,200910,36,211
3283,HU,200911,36,149
3284,HU,200912,36,140
3285,HU,201001,36,114
3286,HU,201002,36,217
3287,HU,201003,36,60
3288,HU,201004,36,140
3289,HU,201005,36,43
3290,HU,201006,36,84
3291,HU,201007,36,119
3292,HU,201008,36,117
3293,HU,201009,36,197
3294,HU,201010,36,209
3295,HU,201011,36,145
3296,HU,201012,36,211
3297,HU,201101,36,333
3298,HU,201102,36,211
3299,HU,201103,36,206
3300,HU,201104,36,285
3301,HU,201105,36,193
3302,HU,201106,36,381
3303,HU,201107,36,112
3304,HU,201108,36,103
3305,HU,201109,36,143
3306,HU,201110,36,81
3307,HU,201111,36,91
3308,HU,201112,36,97
3309,HU,201201,36,350
3310,HU,201202,36,172
3311,HU,201203,36,161
3312,HU,201204,36,207
3313,HU,201205,36,106
3314,HU,201206,36,118
3315,HU,201207,36,139
3316,HU,201208,36,161
3317,HU,201209,36,151
3318,HU,201210,36,137
3319,HU,201211,36,129
3320,HU,201212,36,71
3321,HU,201301,36,105
3322,HU,201302,36,111
3323,HU,201303,36,162
3324,HU,201304,36,29
3325,HU,201305,36,25
3326,HU,201306,36,120
3327,HU,201307,36,205
3328,HU,201308,36,212
3329,HU,201309,36,232
3330,HU,201310,36,189
3331,HU,201311,36,215
3332,HU,201312,36,104
3333,HU,201401,36,197
3334,HU,201402,36,199
3335,HU,201403,36,215
3336,HU,201404,36,167
3337,HU,201405,36,103
3338,HU,201406,36,150
3339,HU,201407,36,154
3340,HU,201408,36,96
3341,HU,201409,36,179
3342,HU,201410,36,367
3343,HU,201411,36,243
3344,HU,201412,36,172
3345,HU,201501,36,275
3346,HU,201502,36,500
3347,HU,201503,36,270
3348,HU,201504,36,333
3349,HU,201505,36,246
3350,HU,201506,36,549
3351,HU,201507,36,323
3352,HU,201508,36,373
3353,HU,201509,36,1646
3354,HU,201510,36,620
3355,HU,201511,36,298
3356,HU,201512,36,257
3357,HU,201601,36,345
3358,HU,201602,36,401
3359,HU,201603,36,295
3360,HU,201604,36,292
3361,HU,201605,36,369
3362,HU,201606,36,265
3363,HU,201607,36,268
3364,HU,201608,36,274
3365,HU,201609,36,427
3366,HU,201610,36,374
3367,HU,201611,36,497
3368,HU,201612,36,323
3369,HU,201701,36,290
3370,HU,201702,36,359
3371,HU,201703,36,343
3372,HU,201704,36,362
3373,HU,201705,36,281
3374,HU,201706,36,321
3375,HU,201707,36,783
3376,HU,201708,36,167
3377,HU,201709,36,270
3378,HU,201710,36,298
3379,HU,201711,36,249
3380,HU,201712,36,188
3381,HU,201801,36,211
3382,HU,201802,36,401
3383,HU,201803,36,300
3384,HU,201804,36,257
3385,HU,201805,36,257
3386,HU,201806,36,273
3387,HU,201807,36,341
3388,HU,201808,36,195
3389,HU,201809,36,356
3390,HU,201810,36,295
3391,HU,201811,36,244
3392,HU,201812,36,159
3393,HU,201901,36,215
3394,HU,201902,36,581
3395,HU,201903,36,445
3396,HU,201904,36,370
3397,HU,201905,36,570
3398,HU,201906,36,313
3399,HU,201907,36,183
3400,HU,201908,36,214
3401,HU,201909,36,253
3402,HU,201910,36,319
3403,HU,201911,36,223
3404,HU,201912,36,146
3405,HU,202001,36,220
3406,HU,202002,36,183
3407,HU,202003,36,206
3408,HU,202004,36,172
3409,HU,202005,36,172
3410,HU,202006,36,181
3411,HU,202007,36,166
3412,HU,202008,36,70
3413,HU,202009,36,174
3414,HU,200806,37,1
3415,HU,200809,37,2
3416,HU,200903,37,5
3417,HU,200905,37,1
3418,HU,200906,37,2
3419,HU,200908,37,2
3420,HU,200911,37,7
3421,HU,200912,37,1
3422,HU,201008,37,2
3423,HU,201101,37,9
3424,HU,201102,37,16
3425,HU,201103,37,6
3426,HU,201104,37,4
3427,HU,201105,37,5
3428,HU,201106,37,7
3429,HU,201107,37,3
3430,HU,201108,37,2
3431,HU,201112,37,2
3432,HU,201201,37,15
3433,HU,201202,37,1
3434,HU,201205,37,3
3435,HU,201206,37,2
3436,HU,201208,37,1
3437,HU,201210,37,1
3438,HU,201301,37,6
3439,HU,201307,37,3
3440,HU,201308,37,3
3441,HU,201310,37,2
3442,HU,201311,37,1
3443,HU,201312,37,8
3444,HU,201403,37,2
3445,HU,201404,37,2
3446,HU,201406,37,1
3447,HU,201408,37,3
3448,HU,201410,37,2
3449,HU,201411,37,8
3450,HU,201501,37,2
3451,HU,201502,37,1
3452,HU,201503,37,2
3453,HU,201504,37,10
3454,HU,201505,37,1
3455,HU,201506,37,2
3456,HU,201507,37,38
3457,HU,201508,37,11
3458,HU,201509,37,36
3459,HU,201511,37,8
3460,HU,201512,37,10
3461,HU,201602,37,1
3462,HU,201603,37,12
3463,HU,201604,37,2
3464,HU,201605,37,2
3465,HU,201606,37,4
3466,HU,201607,37,2
3467,HU,201608,37,4
3468,HU,201609,37,5
3469,HU,201610,37,2
3470,HU,201611,37,6
3471,HU,201612,37,6
3472,HU,201701,37,2
3473,HU,201702,37,1
3474,HU,201705,37,7
3475,HU,201706,37,4
3476,HU,201708,37,1
3477,HU,201710,37,2
3478,HU,201802,37,7
3479,HU,201804,37,3
3480,HU,201809,37,16
3481,HU,201810,37,14
3482,HU,201811,37,4
3483,HU,201812,37,32
3484,HU,201901,37,23
3485,HU,201903,37,10
3486,HU,201907,37,2
3487,HU,201909,37,6
3488,HU,201910,37,4
3489,HU,201911,37,6
3490,HU,202003,37,2
3491,HU,202004,37,2
3492,HU,202006,37,1
3493,HU,202007,37,3
3494,HU,202008,37,3
3495,HU,202009,37,26
3496,HU,200804,38,1
3497,HU,200810,38,2
3498,HU,200909,38,1
3499,HU,200912,38,4
3500,HU,201002,38,3
3501,HU,201209,38,2
3502,HU,201503,38,20
3503,HU,201506,38,1
3504,HU,201509,38,7
3505,HU,201510,38,1
3506,HU,201512,38,1
3507,HU,201703,38,4
3508,HU,201809,38,1
3509,HU,201910,38,2
3510,HU,202007,38,1
3511,HU,200909,39,7
3512,HU,200910,39,2
3513,HU,200911,39,2
3514,HU,201002,39,1
3515,HU,201101,39,2
3516,HU,201105,39,2
3517,HU,201111,39,1
3518,HU,201202,39,2
3519,HU,201205,39,1
3520,HU,201308,39,1
3521,HU,201401,39,1
3522,HU,201402,39,1
3523,HU,201404,39,2
3524,HU,201503,39,1
3525,HU,201505,39,1
3526,HU,201509,39,1
3527,HU,201512,39,1
3528,HU,201602,39,2
3529,HU,201605,39,3
3530,HU,201609,39,1
3531,HU,201610,39,2
3532,HU,201611,39,1
3533,HU,201612,39,3
3534,HU,201702,39,1
3535,HU,201706,39,1
3536,HU,201709,39,2
3537,HU,201710,39,53
3538,HU,201804,39,1
3539,HU,201807,39,1
3540,HU,201811,39,2
3541,HU,201901,39,1
3542,HU,201902,39,2
3543,HU,201903,39,2
3544,HU,201908,39,1
3545,HU,202005,39,1
3546,HU,200803,40,95
3547,HU,200804,40,62
3548,HU,200805,40,60
3549,HU,200806,40,46
3550,HU,200807,40,43
3551,HU,200808,40,29
3552,HU,200809,40,92
3553,HU,200810,40,237
3554,HU,200811,40,89
3555,HU,200812,40,53
3556,HU,200901,40,321
3557,HU,200902,40,179
3558,HU,200903,40,271
3559,HU,200904,40,236
3560,HU,200905,40,163
3561,HU,200906,40,153
3562,HU,200907,40,159
3563,HU,200908,40,168
3564,HU,200909,40,373
3565,HU,200910,40,316
3566,HU,200911,40,194
3567,HU,200912,40,147
3568,HU,201001,40,120
3569,HU,201002,40,207
3570,HU,201003,40,72
3571,HU,201004,40,75
3572,HU,201005,40,93
3573,HU,201006,40,86
3574,HU,201007,40,103
3575,HU,201008,40,101
3576,HU,201009,40,316
3577,HU,201010,40,350
3578,HU,201011,40,280
3579,HU,201012,40,295
3580,HU,201101,40,553
3581,HU,201102,40,421
3582,HU,201103,40,475
3583,HU,201104,40,600
3584,HU,201105,40,438
3585,HU,201106,40,529
3586,HU,201107,40,273
3587,HU,201108,40,188
3588,HU,201109,40,175
3589,HU,201110,40,148
3590,HU,201111,40,235
3591,HU,201112,40,228
3592,HU,201201,40,532
3593,HU,201202,40,234
3594,HU,201203,40,262
3595,HU,201204,40,286
3596,HU,201205,40,215
3597,HU,201206,40,266
3598,HU,201207,40,175
3599,HU,201208,40,157
3600,HU,201209,40,279
3601,HU,201210,40,236
3602,HU,201211,40,164
3603,HU,201212,40,104
3604,HU,201301,40,155
3605,HU,201302,40,335
3606,HU,201303,40,292
3607,HU,201304,40,53
3608,HU,201305,40,91
3609,HU,201306,40,115
3610,HU,201307,40,235
3611,HU,201308,40,184
3612,HU,201309,40,267
3613,HU,201310,40,396
3614,HU,201311,40,363
3615,HU,201312,40,157
3616,HU,201401,40,242
3617,HU,201402,40,423
3618,HU,201403,40,307
3619,HU,201404,40,235
3620,HU,201405,40,244
3621,HU,201406,40,424
3622,HU,201407,40,224
3623,HU,201408,40,162
3624,HU,201409,40,357
3625,HU,201410,40,520
3626,HU,201411,40,415
3627,HU,201412,40,469
3628,HU,201501,40,241
3629,HU,201502,40,694
3630,HU,201503,40,427
3631,HU,201504,40,612
3632,HU,201505,40,548
3633,HU,201506,40,671
3634,HU,201507,40,402
3635,HU,201508,40,686
3636,HU,201509,40,1937
3637,HU,201510,40,863
3638,HU,201511,40,465
3639,HU,201512,40,505
3640,HU,201601,40,654
3641,HU,201602,40,729
3642,HU,201603,40,418
3643,HU,201604,40,355
3644,HU,201605,40,365
3645,HU,201606,40,426
3646,HU,201607,40,427
3647,HU,201608,40,432
3648,HU,201609,40,584
3649,HU,201610,40,718
3650,HU,201611,40,783
3651,HU,201612,40,389
3652,HU,201701,40,290
3653,HU,201702,40,571
3654,HU,201703,40,608
3655,HU,201704,40,820
3656,HU,201705,40,483
3657,HU,201706,40,625
3658,HU,201707,40,936
3659,HU,201708,40,295
3660,HU,201709,40,442
3661,HU,201710,40,509
3662,HU,201711,40,613
3663,HU,201712,40,433
3664,HU,201801,40,481
3665,HU,201802,40,415
3666,HU,201803,40,393
3667,HU,201804,40,378
3668,HU,201805,40,414
3669,HU,201806,40,475
3670,HU,201807,40,442
3671,HU,201808,40,350
3672,HU,201809,40,824
3673,HU,201810,40,525
3674,HU,201811,40,590
3675,HU,201812,40,380
3676,HU,201901,40,369
3677,HU,201902,40,773
3678,HU,201903,40,528
3679,HU,201904,40,440
3680,HU,201905,40,936
3681,HU,201906,40,376
3682,HU,201907,40,364
3683,HU,201908,40,210
3684,HU,201909,40,411
3685,HU,201910,40,640
3686,HU,201911,40,356
3687,HU,201912,40,345
3688,HU,202001,40,183
3689,HU,202002,40,336
3690,HU,202003,40,251
3691,HU,202004,40,194
3692,HU,202005,40,278
3693,HU,202006,40,296
3694,HU,202007,40,260
3695,HU,202008,40,212
3696,HU,202009,40,361
3697,HU,200803,41,2
3698,HU,200805,41,1
3699,HU,200807,41,2
3700,HU,200808,41,1
3701,HU,200810,41,3
3702,HU,200812,41,4
3703,HU,200901,41,28
3704,HU,200902,41,2
3705,HU,200903,41,4
3706,HU,200904,41,16
3707,HU,200905,41,8
3708,HU,200906,41,1
3709,HU,200909,41,4
3710,HU,200911,41,10
3711,HU,200912,41,4
3712,HU,201003,41,2
3713,HU,201004,41,2
3714,HU,201007,41,4
3715,HU,201008,41,17
3716,HU,201009,41,2
3717,HU,201010,41,9
3718,HU,201011,41,10
3719,HU,201012,41,12
3720,HU,201101,41,6
3721,HU,201102,41,12
3722,HU,201103,41,5
3723,HU,201104,41,2
3724,HU,201106,41,4
3725,HU,201108,41,4
3726,HU,201109,41,2
3727,HU,201110,41,4
3728,HU,201111,41,1
3729,HU,201112,41,6
3730,HU,201201,41,20
3731,HU,201204,41,3
3732,HU,201205,41,22
3733,HU,201206,41,6
3734,HU,201207,41,8
3735,HU,201208,41,2
3736,HU,201209,41,7
3737,HU,201210,41,18
3738,HU,201211,41,7
3739,HU,201301,41,2
3740,HU,201302,41,6
3741,HU,201303,41,6
3742,HU,201306,41,2
3743,HU,201307,41,1
3744,HU,201308,41,6
3745,HU,201309,41,9
3746,HU,201311,41,4
3747,HU,201402,41,1
3748,HU,201403,41,3
3749,HU,201404,41,14
3750,HU,201405,41,3
3751,HU,201406,41,2
3752,HU,201407,41,8
3753,HU,201409,41,4
3754,HU,201410,41,10
3755,HU,201412,41,6
3756,HU,201502,41,19
3757,HU,201503,41,11
3758,HU,201504,41,39
3759,HU,201505,41,8
3760,HU,201506,41,6
3761,HU,201507,41,4
3762,HU,201508,41,4
3763,HU,201509,41,121
3764,HU,201510,41,14
3765,HU,201511,41,23
3766,HU,201512,41,11
3767,HU,201601,41,2
3768,HU,201602,41,24
3769,HU,201603,41,14
3770,HU,201604,41,2
3771,HU,201605,41,6
3772,HU,201606,41,2
3773,HU,201607,41,1
3774,HU,201608,41,4
3775,HU,201609,41,10
3776,HU,201610,41,8
3777,HU,201611,41,70
3778,HU,201612,41,17
3779,HU,201701,41,4
3780,HU,201702,41,8
3781,HU,201703,41,7
3782,HU,201704,41,4
3783,HU,201706,41,3
3784,HU,201707,41,52
3785,HU,201708,41,10
3786,HU,201710,41,4
3787,HU,201711,41,4
3788,HU,201712,41,3
3789,HU,201801,41,5
3790,HU,201804,41,13
3791,HU,201805,41,1
3792,HU,201806,41,30
3793,HU,201807,41,2
3794,HU,201808,41,2
3795,HU,201809,41,4
3796,HU,201810,41,13
3797,HU,201811,41,8
3798,HU,201901,41,1
3799,HU,201902,41,10
3800,HU,201903,41,12
3801,HU,201905,41,30
3802,HU,201906,41,54
3803,HU,201907,41,4
3804,HU,201910,41,20
3805,HU,201911,41,9
3806,HU,202001,41,8
3807,HU,202002,41,2
3808,HU,202003,41,6
3809,HU,202005,41,8
3810,HU,202008,41,2
3811,HU,202009,41,12
3812,HU,200803,42,60
3813,HU,200804,42,52
3814,HU,200805,42,71
3815,HU,200806,42,84
3816,HU,200807,42,60
3817,HU,200808,42,30
3818,HU,200809,42,71
3819,HU,200810,42,120
3820,HU,200811,42,62
3821,HU,200812,42,70
3822,HU,200901,42,169
3823,HU,200902,42,127
3824,HU,200903,42,221
3825,HU,200904,42,278
3826,HU,200905,42,188
3827,HU,200906,42,165
3828,HU,200907,42,272
3829,HU,200908,42,292
3830,HU,200909,42,292
3831,HU,200910,42,307
3832,HU,200911,42,223
3833,HU,200912,42,166
3834,HU,201001,42,159
3835,HU,201002,42,152
3836,HU,201003,42,82
3837,HU,201004,42,102
3838,HU,201005,42,89
3839,HU,201006,42,86
3840,HU,201007,42,191
3841,HU,201008,42,232
3842,HU,201009,42,281
3843,HU,201010,42,474
3844,HU,201011,42,246
3845,HU,201012,42,202
3846,HU,201101,42,269
3847,HU,201102,42,281
3848,HU,201103,42,355
3849,HU,201104,42,320
3850,HU,201105,42,311
3851,HU,201106,42,506
3852,HU,201107,42,296
3853,HU,201108,42,157
3854,HU,201109,42,190
3855,HU,201110,42,168
3856,HU,201111,42,258
3857,HU,201112,42,208
3858,HU,201201,42,246
3859,HU,201202,42,227
3860,HU,201203,42,268
3861,HU,201204,42,235
3862,HU,201205,42,235
3863,HU,201206,42,273
3864,HU,201207,42,229
3865,HU,201208,42,245
3866,HU,201209,42,425
3867,HU,201210,42,228
3868,HU,201211,42,259
3869,HU,201212,42,154
3870,HU,201301,42,117
3871,HU,201302,42,249
3872,HU,201303,42,280
3873,HU,201304,42,50
3874,HU,201305,42,97
3875,HU,201306,42,192
3876,HU,201307,42,234
3877,HU,201308,42,229
3878,HU,201309,42,364
3879,HU,201310,42,293
3880,HU,201311,42,360
3881,HU,201312,42,187
3882,HU,201401,42,247
3883,HU,201402,42,448
3884,HU,201403,42,388
3885,HU,201404,42,358
3886,HU,201405,42,284
3887,HU,201406,42,355
3888,HU,201407,42,326
3889,HU,201408,42,229
3890,HU,201409,42,329
3891,HU,201410,42,453
3892,HU,201411,42,430
3893,HU,201412,42,307
3894,HU,201501,42,491
3895,HU,201502,42,965
3896,HU,201503,42,619
3897,HU,201504,42,646
3898,HU,201505,42,635
3899,HU,201506,42,657
3900,HU,201507,42,706
3901,HU,201508,42,1277
3902,HU,201509,42,4608
3903,HU,201510,42,1166
3904,HU,201511,42,726
3905,HU,201512,42,653
3906,HU,201601,42,581
3907,HU,201602,42,678
3908,HU,201603,42,1060
3909,HU,201604,42,615
3910,HU,201605,42,655
3911,HU,201606,42,747
3912,HU,201607,42,757
3913,HU,201608,42,564
3914,HU,201609,42,788
3915,HU,201610,42,836
3916,HU,201611,42,912
3917,HU,201612,42,843
3918,HU,201701,42,808
3919,HU,201702,42,806
3920,HU,201703,42,597
3921,HU,201704,42,698
3922,HU,201705,42,496
3923,HU,201706,42,517
3924,HU,201707,42,761
3925,HU,201708,42,450
3926,HU,201709,42,532
3927,HU,201710,42,499
3928,HU,201711,42,728
3929,HU,201712,42,426
3930,HU,201801,42,570
3931,HU,201802,42,462
3932,HU,201803,42,534
3933,HU,201804,42,530
3934,HU,201805,42,638
3935,HU,201806,42,533
3936,HU,201807,42,576
3937,HU,201808,42,487
3938,HU,201809,42,560
3939,HU,201810,42,513
3940,HU,201811,42,628
3941,HU,201812,42,528
3942,HU,201901,42,399
3943,HU,201902,42,766
3944,HU,201903,42,585
3945,HU,201904,42,471
3946,HU,201905,42,941
3947,HU,201906,42,556
3948,HU,201907,42,433
3949,HU,201908,42,331
3950,HU,201909,42,427
3951,HU,201910,42,495
3952,HU,201911,42,572
3953,HU,201912,42,482
3954,HU,202001,42,378
3955,HU,202002,42,406
3956,HU,202003,42,437
3957,HU,202004,42,319
3958,HU,202005,42,327
3959,HU,202006,42,339
3960,HU,202007,42,422
3961,HU,202008,42,295
3962,HU,202009,42,336
3963,HU,200803,43,65
3964,HU,200804,43,47
3965,HU,200805,43,72
3966,HU,200806,43,76
3967,HU,200807,43,58
3968,HU,200808,43,30
3969,HU,200809,43,66
3970,HU,200810,43,123
3971,HU,200811,43,54
3972,HU,200812,43,62
3973,HU,200901,43,158
3974,HU,200902,43,133
3975,HU,200903,43,194
3976,HU,200904,43,251
3977,HU,200905,43,165
3978,HU,200906,43,140
3979,HU,200907,43,244
3980,HU,200908,43,295
3981,HU,200909,43,288
3982,HU,200910,43,271
3983,HU,200911,43,201
3984,HU,200912,43,153
3985,HU,201001,43,151
3986,HU,201002,43,142
3987,HU,201003,43,83
3988,HU,201004,43,99
3989,HU,201005,43,76
3990,HU,201006,43,87
3991,HU,201007,43,173
3992,HU,201008,43,223
3993,HU,201009,43,243
3994,HU,201010,43,420
3995,HU,201011,43,230
3996,HU,201012,43,188
3997,HU,201101,43,262
3998,HU,201102,43,271
3999,HU,201103,43,326
4000,HU,201104,43,288
4001,HU,201105,43,292
4002,HU,201106,43,460
4003,HU,201107,43,287
4004,HU,201108,43,153
4005,HU,201109,43,191
4006,HU,201110,43,158
4007,HU,201111,43,245
4008,HU,201112,43,196
4009,HU,201201,43,231
4010,HU,201202,43,214
4011,HU,201203,43,243
4012,HU,201204,43,207
4013,HU,201205,43,217
4014,HU,201206,43,273
4015,HU,201207,43,218
4016,HU,201208,43,238
4017,HU,201209,43,365
4018,HU,201210,43,217
4019,HU,201211,43,247
4020,HU,201212,43,158
4021,HU,201301,43,100
4022,HU,201302,43,235
4023,HU,201303,43,286
4024,HU,201304,43,42
4025,HU,201305,43,78
4026,HU,201306,43,174
4027,HU,201307,43,204
4028,HU,201308,43,223
4029,HU,201309,43,332
4030,HU,201310,43,333
4031,HU,201311,43,362
4032,HU,201312,43,182
4033,HU,201401,43,249
4034,HU,201402,43,398
4035,HU,201403,43,360
4036,HU,201404,43,350
4037,HU,201405,43,268
4038,HU,201406,43,324
4039,HU,201407,43,315
4040,HU,201408,43,203
4041,HU,201409,43,306
4042,HU,201410,43,446
4043,HU,201411,43,419
4044,HU,201412,43,282
4045,HU,201501,43,468
4046,HU,201502,43,904
4047,HU,201503,43,549
4048,HU,201504,43,568
4049,HU,201505,43,545
4050,HU,201506,43,597
4051,HU,201507,43,649
4052,HU,201508,43,1072
4053,HU,201509,43,4057
4054,HU,201510,43,1057
4055,HU,201511,43,634
4056,HU,201512,43,610
4057,HU,201601,43,471
4058,HU,201602,43,602
4059,HU,201603,43,948
4060,HU,201604,43,578
4061,HU,201605,43,630
4062,HU,201606,43,714
4063,HU,201607,43,725
4064,HU,201608,43,498
4065,HU,201609,43,692
4066,HU,201610,43,797
4067,HU,201611,43,884
4068,HU,201612,43,758
4069,HU,201701,43,739
4070,HU,201702,43,750
4071,HU,201703,43,553
4072,HU,201704,43,633
4073,HU,201705,43,465
4074,HU,201706,43,489
4075,HU,201707,43,688
4076,HU,201708,43,430
4077,HU,201709,43,499
4078,HU,201710,43,485
4079,HU,201711,43,684
4080,HU,201712,43,390
4081,HU,201801,43,543
4082,HU,201802,43,404
4083,HU,201803,43,504
4084,HU,201804,43,487
4085,HU,201805,43,596
4086,HU,201806,43,462
4087,HU,201807,43,478
4088,HU,201808,43,428
4089,HU,201809,43,502
4090,HU,201810,43,543
4091,HU,201811,43,599
4092,HU,201812,43,494
4093,HU,201901,43,377
4094,HU,201902,43,726
4095,HU,201903,43,524
4096,HU,201904,43,405
4097,HU,201905,43,868
4098,HU,201906,43,519
4099,HU,201907,43,395
4100,HU,201908,43,334
4101,HU,201909,43,401
4102,HU,201910,43,459
4103,HU,201911,43,544
4104,HU,201912,43,471
4105,HU,202001,43,342
4106,HU,202002,43,376
4107,HU,202003,43,380
4108,HU,202004,43,292
4109,HU,202005,43,303
4110,HU,202006,43,293
4111,HU,202007,43,416
4112,HU,202008,43,255
4113,HU,202009,43,315
4114,HU,200804,44,3
4115,HU,200805,44,4
4116,HU,200806,44,20
4117,HU,200809,44,7
4118,HU,200810,44,6
4119,HU,200811,44,1
4120,HU,200901,44,6
4121,HU,200903,44,9
4122,HU,200905,44,3
4123,HU,200909,44,9
4124,HU,200910,44,3
4125,HU,200911,44,1
4126,HU,200912,44,5
4127,HU,201001,44,2
4128,HU,201002,44,24
4129,HU,201004,44,12
4130,HU,201009,44,12
4131,HU,201011,44,2
4132,HU,201101,44,23
4133,HU,201102,44,2
4134,HU,201103,44,5
4135,HU,201104,44,9
4136,HU,201105,44,9
4137,HU,201106,44,3
4138,HU,201107,44,5
4139,HU,201108,44,6
4140,HU,201109,44,5
4141,HU,201111,44,6
4142,HU,201112,44,2
4143,HU,201201,44,1
4144,HU,201203,44,1
4145,HU,201204,44,8
4146,HU,201205,44,2
4147,HU,201207,44,4
4148,HU,201208,44,1
4149,HU,201210,44,12
4150,HU,201211,44,2
4151,HU,201301,44,1
4152,HU,201303,44,2
4153,HU,201305,44,4
4154,HU,201306,44,3
4155,HU,201307,44,2
4156,HU,201308,44,30
4157,HU,201309,44,21
4158,HU,201310,44,11
4159,HU,201311,44,2
4160,HU,201312,44,2
4161,HU,201401,44,35
4162,HU,201402,44,7
4163,HU,201403,44,7
4164,HU,201404,44,4
4165,HU,201405,44,5
4166,HU,201406,44,4
4167,HU,201407,44,2
4168,HU,201408,44,2
4169,HU,201409,44,5
4170,HU,201410,44,15
4171,HU,201411,44,3
4172,HU,201412,44,8
4173,HU,201501,44,14
4174,HU,201502,44,96
4175,HU,201503,44,5
4176,HU,201504,44,13
4177,HU,201505,44,3
4178,HU,201506,44,92
4179,HU,201507,44,5
4180,HU,201508,44,13
4181,HU,201509,44,28
4182,HU,201510,44,48
4183,HU,201511,44,7
4184,HU,201512,44,12
4185,HU,201601,44,11
4186,HU,201602,44,5
4187,HU,201603,44,7
4188,HU,201604,44,209
4189,HU,201605,44,6
4190,HU,201606,44,3
4191,HU,201607,44,8
4192,HU,201609,44,9
4193,HU,201610,44,10
4194,HU,201611,44,79
4195,HU,201612,44,15
4196,HU,201701,44,5
4197,HU,201702,44,13
4198,HU,201703,44,9
4199,HU,201704,44,2
4200,HU,201705,44,11
4201,HU,201706,44,8
4202,HU,201707,44,17
4203,HU,201708,44,6
4204,HU,201709,44,11
4205,HU,201710,44,40
4206,HU,201711,44,4
4207,HU,201712,44,1
4208,HU,201801,44,10
4209,HU,201802,44,11
4210,HU,201803,44,4
4211,HU,201804,44,12
4212,HU,201805,44,2
4213,HU,201806,44,2
4214,HU,201807,44,9
4215,HU,201808,44,3
4216,HU,201809,44,46
4217,HU,201810,44,10
4218,HU,201811,44,9
4219,HU,201812,44,25
4220,HU,201901,44,10
4221,HU,201902,44,38
4222,HU,201903,44,18
4223,HU,201904,44,2
4224,HU,201905,44,10
4225,HU,201906,44,5
4226,HU,201907,44,16
4227,HU,201908,44,1
4228,HU,201909,44,6
4229,HU,201910,44,20
4230,HU,201911,44,23
4231,HU,201912,44,22
4232,HU,202001,44,13
4233,HU,202002,44,10
4234,HU,202003,44,7
4235,HU,202004,44,10
4236,HU,202005,44,25
4237,HU,202006,44,8
4238,HU,202007,44,4
4239,HU,202008,44,4
4240,HU,202009,44,13
4241,HU,200803,45,1
4242,HU,200804,45,1
4243,HU,200806,45,1
4244,HU,200807,45,1
4245,HU,200808,45,1
4246,HU,200901,45,4
4247,HU,200903,45,1
4248,HU,200905,45,2
4249,HU,200907,45,2
4250,HU,200908,45,1
4251,HU,200909,45,8
4252,HU,200910,45,5
4253,HU,200911,45,2
4254,HU,201001,45,1
4255,HU,201002,45,3
4256,HU,201005,45,1
4257,HU,201007,45,3
4258,HU,201009,45,1
4259,HU,201010,45,5
4260,HU,201012,45,4
4261,HU,201101,45,9
4262,HU,201102,45,6
4263,HU,201104,45,3
4264,HU,201105,45,9
4265,HU,201106,45,1
4266,HU,201107,45,4
4267,HU,201108,45,4
4268,HU,201109,45,6
4269,HU,201110,45,4
4270,HU,201111,45,3
4271,HU,201112,45,1
4272,HU,201201,45,3
4273,HU,201202,45,1
4274,HU,201203,45,3
4275,HU,201204,45,8
4276,HU,201206,45,1
4277,HU,201207,45,2
4278,HU,201208,45,3
4279,HU,201209,45,26
4280,HU,201210,45,8
4281,HU,201211,45,4
4282,HU,201212,45,1
4283,HU,201302,45,2
4284,HU,201305,45,4
4285,HU,201306,45,2
4286,HU,201307,45,10
4287,HU,201308,45,10
4288,HU,201309,45,7
4289,HU,201310,45,12
4290,HU,201311,45,3
4291,HU,201312,45,8
4292,HU,201401,45,7
4293,HU,201402,45,1
4294,HU,201403,45,7
4295,HU,201404,45,4
4296,HU,201405,45,1
4297,HU,201406,45,6
4298,HU,201407,45,2
4299,HU,201408,45,1
4300,HU,201409,45,1
4301,HU,201410,45,10
4302,HU,201411,45,6
4303,HU,201412,45,3
4304,HU,201501,45,1
4305,HU,201502,45,8
4306,HU,201503,45,44
4307,HU,201504,45,35
4308,HU,201505,45,11
4309,HU,201506,45,11
4310,HU,201507,45,27
4311,HU,201508,45,5
4312,HU,201509,45,8
4313,HU,201510,45,2
4314,HU,201511,45,14
4315,HU,201512,45,7
4316,HU,201601,45,10
4317,HU,201602,45,9
4318,HU,201603,45,14
4319,HU,201604,45,10
4320,HU,201605,45,10
4321,HU,201606,45,4
4322,HU,201607,45,3
4323,HU,201608,45,8
4324,HU,201609,45,9
4325,HU,201610,45,6
4326,HU,201611,45,4
4327,HU,201612,45,3
4328,HU,201701,45,5
4329,HU,201702,45,10
4330,HU,201703,45,15
4331,HU,201704,45,6
4332,HU,201705,45,8
4333,HU,201706,45,11
4334,HU,201707,45,2
4335,HU,201708,45,4
4336,HU,201709,45,4
4337,HU,201710,45,12
4338,HU,201711,45,2
4339,HU,201801,45,10
4340,HU,201802,45,1
4341,HU,201803,45,7
4342,HU,201804,45,2
4343,HU,201805,45,13
4344,HU,201806,45,1
4345,HU,201807,45,1
4346,HU,201808,45,3
4347,HU,201809,45,7
4348,HU,201810,45,6
4349,HU,201811,45,7
4350,HU,201812,45,13
4351,HU,201901,45,10
4352,HU,201902,45,7
4353,HU,201903,45,10
4354,HU,201904,45,2
4355,HU,201905,45,5
4356,HU,201906,45,13
4357,HU,201907,45,3
4358,HU,201908,45,1
4359,HU,201909,45,5
4360,HU,201910,45,7
4361,HU,201911,45,4
4362,HU,201912,45,3
4363,HU,202001,45,2
4364,HU,202002,45,3
4365,HU,202004,45,2
4366,HU,202005,45,1
4367,HU,202006,45,3
4368,HU,202007,45,3
4369,HU,202008,45,1
4370,HU,202009,45,1
4371,HU,200803,46,68
4372,HU,200804,46,51
4373,HU,200805,46,41
4374,HU,200806,46,23
4375,HU,200807,46,16
4376,HU,200808,46,45
4377,HU,200809,46,56
4378,HU,200810,46,99
4379,HU,200811,46,47
4380,HU,200812,46,55
4381,HU,200901,46,202
4382,HU,200902,46,70
4383,HU,200903,46,210
4384,HU,200904,46,143
4385,HU,200905,46,101
4386,HU,200906,46,116
4387,HU,200907,46,67
4388,HU,200908,46,94
4389,HU,200909,46,183
4390,HU,200910,46,247
4391,HU,200911,46,120
4392,HU,200912,46,88
4393,HU,201001,46,66
4394,HU,201002,46,134
4395,HU,201003,46,49
4396,HU,201004,46,70
4397,HU,201005,46,36
4398,HU,201006,46,47
4399,HU,201007,46,131
4400,HU,201008,46,116
4401,HU,201009,46,215
4402,HU,201010,46,217
4403,HU,201011,46,138
4404,HU,201012,46,140
4405,HU,201101,46,247
4406,HU,201102,46,149
4407,HU,201103,46,223
4408,HU,201104,46,252
4409,HU,201105,46,154
4410,HU,201106,46,285
4411,HU,201107,46,119
4412,HU,201108,46,50
4413,HU,201109,46,101
4414,HU,201110,46,104
4415,HU,201111,46,212
4416,HU,201112,46,206
4417,HU,201201,46,330
4418,HU,201202,46,177
4419,HU,201203,46,214
4420,HU,201204,46,320
4421,HU,201205,46,186
4422,HU,201206,46,138
4423,HU,201207,46,224
4424,HU,201208,46,79
4425,HU,201209,46,171
4426,HU,201210,46,145
4427,HU,201211,46,128
4428,HU,201212,46,82
4429,HU,201301,46,85
4430,HU,201302,46,99
4431,HU,201303,46,176
4432,HU,201304,46,51
4433,HU,201305,46,67
4434,HU,201306,46,118
4435,HU,201307,46,160
4436,HU,201308,46,150
4437,HU,201309,46,156
4438,HU,201310,46,255
4439,HU,201311,46,291
4440,HU,201312,46,130
4441,HU,201401,46,154
4442,HU,201402,46,143
4443,HU,201403,46,171
4444,HU,201404,46,198
4445,HU,201405,46,132
4446,HU,201406,46,196
4447,HU,201407,46,207
4448,HU,201408,46,58
4449,HU,201409,46,165
4450,HU,201410,46,261
4451,HU,201411,46,222
4452,HU,201412,46,180
4453,HU,201501,46,186
4454,HU,201502,46,385
4455,HU,201503,46,275
4456,HU,201504,46,364
4457,HU,201505,46,222
4458,HU,201506,46,345
4459,HU,201507,46,177
4460,HU,201508,46,246
4461,HU,201509,46,1254
4462,HU,201510,46,358
4463,HU,201511,46,287
4464,HU,201512,46,305
4465,HU,201601,46,326
4466,HU,201602,46,474
4467,HU,201603,46,266
4468,HU,201604,46,230
4469,HU,201605,46,219
4470,HU,201606,46,333
4471,HU,201607,46,241
4472,HU,201608,46,338
4473,HU,201609,46,456
4474,HU,201610,46,446
4475,HU,201611,46,361
4476,HU,201612,46,279
4477,HU,201701,46,244
4478,HU,201702,46,392
4479,HU,201703,46,424
4480,HU,201704,46,383
4481,HU,201705,46,265
4482,HU,201706,46,499
4483,HU,201707,46,398
4484,HU,201708,46,152
4485,HU,201709,46,317
4486,HU,201710,46,261
4487,HU,201711,46,300
4488,HU,201712,46,218
4489,HU,201801,46,269
4490,HU,201802,46,181
4491,HU,201803,46,181
4492,HU,201804,46,201
4493,HU,201805,46,199
4494,HU,201806,46,314
4495,HU,201807,46,305
4496,HU,201808,46,162
4497,HU,201809,46,213
4498,HU,201810,46,262
4499,HU,201811,46,230
4500,HU,201812,46,155
4501,HU,201901,46,173
4502,HU,201902,46,337
4503,HU,201903,46,281
4504,HU,201904,46,256
4505,HU,201905,46,510
4506,HU,201906,46,200
4507,HU,201907,46,194
4508,HU,201908,46,130
4509,HU,201909,46,232
4510,HU,201910,46,286
4511,HU,201911,46,195
4512,HU,201912,46,122
4513,HU,202001,46,155
4514,HU,202002,46,178
4515,HU,202003,46,137
4516,HU,202004,46,95
4517,HU,202005,46,175
4518,HU,202006,46,136
4519,HU,202007,46,215
4520,HU,202008,46,87
4521,HU,202009,46,143
4522,HU,200803,50,14
4523,HU,200804,50,38
4524,HU,200805,50,9
4525,HU,200806,50,69
4526,HU,200807,50,16
4527,HU,200808,50,3
4528,HU,200809,50,38
4529,HU,200810,50,23
4530,HU,200811,50,8
4531,HU,200812,50,36
4532,HU,200901,50,51
4533,HU,200902,50,32
4534,HU,200903,50,58
4535,HU,200904,50,26
4536,HU,200905,50,50
4537,HU,200906,50,46
4538,HU,200907,50,28
4539,HU,200908,50,21
4540,HU,200909,50,72
4541,HU,200910,50,31
4542,HU,200911,50,47
4543,HU,200912,50,30
4544,HU,201001,50,15
4545,HU,201002,50,5
4546,HU,201003,50,50
4547,HU,201004,50,37
4548,HU,201005,50,12
4549,HU,201006,50,32
4550,HU,201007,50,49
4551,HU,201008,50,29
4552,HU,201009,50,42
4553,HU,201010,50,46
4554,HU,201011,50,72
4555,HU,201012,50,59
4556,HU,201101,50,45
4557,HU,201102,50,55
4558,HU,201103,50,51
4559,HU,201104,50,36
4560,HU,201105,50,28
4561,HU,201106,50,116
4562,HU,201107,50,49
4563,HU,201108,50,25
4564,HU,201109,50,34
4565,HU,201110,50,9
4566,HU,201111,50,66
4567,HU,201112,50,47
4568,HU,201201,50,134
4569,HU,201202,50,45
4570,HU,201203,50,26
4571,HU,201204,50,55
4572,HU,201205,50,77
4573,HU,201206,50,33
4574,HU,201207,50,68
4575,HU,201208,50,39
4576,HU,201209,50,72
4577,HU,201210,50,71
4578,HU,201211,50,13
4579,HU,201212,50,27
4580,HU,201301,50,13
4581,HU,201302,50,32
4582,HU,201303,50,51
4583,HU,201304,50,9
4584,HU,201305,50,11
4585,HU,201306,50,38
4586,HU,201307,50,47
4587,HU,201308,50,76
4588,HU,201309,50,63
4589,HU,201310,50,47
4590,HU,201311,50,81
4591,HU,201312,50,19
4592,HU,201401,50,54
4593,HU,201402,50,83
4594,HU,201403,50,70
4595,HU,201404,50,70
4596,HU,201405,50,86
4597,HU,201406,50,66
4598,HU,201407,50,50
4599,HU,201408,50,34
4600,HU,201409,50,89
4601,HU,201410,50,65
4602,HU,201411,50,128
4603,HU,201412,50,76
4604,HU,201501,50,81
4605,HU,201502,50,135
4606,HU,201503,50,93
4607,HU,201504,50,95
4608,HU,201505,50,100
4609,HU,201506,50,258
4610,HU,201507,50,58
4611,HU,201508,50,85
4612,HU,201509,50,389
4613,HU,201510,50,196
4614,HU,201511,50,96
4615,HU,201512,50,44
4616,HU,201601,50,80
4617,HU,201602,50,165
4618,HU,201603,50,127
4619,HU,201604,50,52
4620,HU,201605,50,77
4621,HU,201606,50,112
4622,HU,201607,50,82
4623,HU,201608,50,66
4624,HU,201609,50,121
4625,HU,201610,50,98
4626,HU,201611,50,171
4627,HU,201612,50,70
4628,HU,201701,50,95
4629,HU,201702,50,97
4630,HU,201703,50,113
4631,HU,201704,50,127
4632,HU,201705,50,97
4633,HU,201706,50,84
4634,HU,201707,50,133
4635,HU,201708,50,43
4636,HU,201709,50,147
4637,HU,201710,50,83
4638,HU,201711,50,89
4639,HU,201712,50,73
4640,HU,201801,50,70
4641,HU,201802,50,91
4642,HU,201803,50,64
4643,HU,201804,50,126
4644,HU,201805,50,56
4645,HU,201806,50,94
4646,HU,201807,50,65
4647,HU,201808,50,54
4648,HU,201809,50,74
4649,HU,201810,50,79
4650,HU,201811,50,142
4651,HU,201812,50,118
4652,HU,201901,50,97
4653,HU,201902,50,160
4654,HU,201903,50,85
4655,HU,201904,50,67
4656,HU,201905,50,217
4657,HU,201906,50,70
4658,HU,201907,50,77
4659,HU,201908,50,41
4660,HU,201909,50,65
4661,HU,201910,50,69
4662,HU,201911,50,75
4663,HU,201912,50,36
4664,HU,202001,50,31
4665,HU,202002,50,74
4666,HU,202003,50,47
4667,HU,202004,50,27
4668,HU,202005,50,64
4669,HU,202006,50,57
4670,HU,202007,50,64
4671,HU,202008,50,135
4672,HU,202009,50,44
4673,HU,200803,51,51
4674,HU,200804,51,49
4675,HU,200805,51,51
4676,HU,200806,51,44
4677,HU,200807,51,24
4678,HU,200808,51,17
4679,HU,200809,51,42
4680,HU,200810,51,45
4681,HU,200811,51,51
4682,HU,200812,51,53
4683,HU,200901,51,137
4684,HU,200902,51,139
4685,HU,200903,51,264
4686,HU,200904,51,176
4687,HU,200905,51,145
4688,HU,200906,51,259
4689,HU,200907,51,66
4690,HU,200908,51,182
4691,HU,200909,51,173
4692,HU,200910,51,164
4693,HU,200911,51,145
4694,HU,200912,51,117
4695,HU,201001,51,116
4696,HU,201002,51,106
4697,HU,201003,51,39
4698,HU,201004,51,142
4699,HU,201005,51,49
4700,HU,201006,51,88
4701,HU,201007,51,72
4702,HU,201008,51,115
4703,HU,201009,51,168
4704,HU,201010,51,189
4705,HU,201011,51,144
4706,HU,201012,51,217
4707,HU,201101,51,271
4708,HU,201102,51,186
4709,HU,201103,51,279
4710,HU,201104,51,203
4711,HU,201105,51,210
4712,HU,201106,51,268
4713,HU,201107,51,194
4714,HU,201108,51,87
4715,HU,201109,51,130
4716,HU,201110,51,125
4717,HU,201111,51,133
4718,HU,201112,51,141
4719,HU,201201,51,250
4720,HU,201202,51,177
4721,HU,201203,51,217
4722,HU,201204,51,154
4723,HU,201205,51,179
4724,HU,201206,51,193
4725,HU,201207,51,168
4726,HU,201208,51,147
4727,HU,201209,51,164
4728,HU,201210,51,184
4729,HU,201211,51,121
4730,HU,201212,51,116
4731,HU,201301,51,109
4732,HU,201302,51,107
4733,HU,201303,51,177
4734,HU,201304,51,26
4735,HU,201305,51,48
4736,HU,201306,51,107
4737,HU,201307,51,171
4738,HU,201308,51,181
4739,HU,201309,51,167
4740,HU,201310,51,273
4741,HU,201311,51,213
4742,HU,201312,51,184
4743,HU,201401,51,127
4744,HU,201402,51,223
4745,HU,201403,51,300
4746,HU,201404,51,382
4747,HU,201405,51,279
4748,HU,201406,51,261
4749,HU,201407,51,272
4750,HU,201408,51,184
4751,HU,201409,51,202
4752,HU,201410,51,313
4753,HU,201411,51,408
4754,HU,201412,51,297
4755,HU,201501,51,353
4756,HU,201502,51,493
4757,HU,201503,51,367
4758,HU,201504,51,434
4759,HU,201505,51,447
4760,HU,201506,51,359
4761,HU,201507,51,367
4762,HU,201508,51,321
4763,HU,201509,51,1394
4764,HU,201510,51,468
4765,HU,201511,51,452
4766,HU,201512,51,458
4767,HU,201601,51,414
4768,HU,201602,51,344
4769,HU,201603,51,404
4770,HU,201604,51,341
4771,HU,201605,51,472
4772,HU,201606,51,411
4773,HU,201607,51,452
4774,HU,201608,51,351
4775,HU,201609,51,623
4776,HU,201610,51,707
4777,HU,201611,51,655
4778,HU,201612,51,423
4779,HU,201701,51,424
4780,HU,201702,51,457
4781,HU,201703,51,553
4782,HU,201704,51,624
4783,HU,201705,51,380
4784,HU,201706,51,371
4785,HU,201707,51,554
4786,HU,201708,51,323
4787,HU,201709,51,378
4788,HU,201710,51,408
4789,HU,201711,51,452
4790,HU,201712,51,354
4791,HU,201801,51,356
4792,HU,201802,51,403
4793,HU,201803,51,475
4794,HU,201804,51,795
4795,HU,201805,51,453
4796,HU,201806,51,469
4797,HU,201807,51,526
4798,HU,201808,51,293
4799,HU,201809,51,600
4800,HU,201810,51,432
4801,HU,201811,51,480
4802,HU,201812,51,426
4803,HU,201901,51,358
4804,HU,201902,51,434
4805,HU,201903,51,505
4806,HU,201904,51,400
4807,HU,201905,51,705
4808,HU,201906,51,347
4809,HU,201907,51,336
4810,HU,201908,51,295
4811,HU,201909,51,359
4812,HU,201910,51,348
4813,HU,201911,51,338
4814,HU,201912,51,268
4815,HU,202001,51,251
4816,HU,202002,51,266
4817,HU,202003,51,252
4818,HU,202004,51,208
4819,HU,202005,51,258
4820,HU,202006,51,207
4821,HU,202007,51,258
4822,HU,202008,51,237
4823,HU,202009,51,336
4824,HU,200806,52,8
4825,HU,200808,52,1
4826,HU,200811,52,2
4827,HU,200812,52,1
4828,HU,200903,52,1
4829,HU,200904,52,1
4830,HU,200905,52,2
4831,HU,200908,52,1
4832,HU,200911,52,3
4833,HU,201001,52,2
4834,HU,201004,52,1
4835,HU,201008,52,4
4836,HU,201009,52,5
4837,HU,201010,52,2
4838,HU,201011,52,5
4839,HU,201101,52,6
4840,HU,201102,52,6
4841,HU,201103,52,9
4842,HU,201104,52,9
4843,HU,201106,52,2
4844,HU,201107,52,9
4845,HU,201108,52,5
4846,HU,201109,52,10
4847,HU,201110,52,9
4848,HU,201111,52,2
4849,HU,201201,52,6
4850,HU,201202,52,8
4851,HU,201203,52,2
4852,HU,201204,52,3
4853,HU,201205,52,2
4854,HU,201206,52,4
4855,HU,201207,52,2
4856,HU,201208,52,3
4857,HU,201210,52,6
4858,HU,201211,52,11
4859,HU,201212,52,1
4860,HU,201301,52,3
4861,HU,201303,52,6
4862,HU,201304,52,2
4863,HU,201306,52,2
4864,HU,201307,52,4
4865,HU,201308,52,3
4866,HU,201309,52,5
4867,HU,201310,52,5
4868,HU,201311,52,6
4869,HU,201312,52,1
4870,HU,201401,52,3
4871,HU,201402,52,3
4872,HU,201403,52,10
4873,HU,201404,52,8
4874,HU,201405,52,6
4875,HU,201406,52,6
4876,HU,201407,52,6
4877,HU,201408,52,1
4878,HU,201409,52,2
4879,HU,201410,52,4
4880,HU,201412,52,3
4881,HU,201501,52,2
4882,HU,201502,52,3
4883,HU,201503,52,1
4884,HU,201504,52,7
4885,HU,201505,52,2
4886,HU,201506,52,25
4887,HU,201507,52,27
4888,HU,201508,52,24
4889,HU,201509,52,88
4890,HU,201510,52,25
4891,HU,201511,52,10
4892,HU,201512,52,4
4893,HU,201601,52,6
4894,HU,201602,52,28
4895,HU,201603,52,5
4896,HU,201604,52,4
4897,HU,201605,52,8
4898,HU,201606,52,1
4899,HU,201607,52,9
4900,HU,201608,52,18
4901,HU,201609,52,13
4902,HU,201610,52,12
4903,HU,201611,52,14
4904,HU,201612,52,15
4905,HU,201701,52,5
4906,HU,201702,52,6
4907,HU,201703,52,24
4908,HU,201704,52,17
4909,HU,201705,52,21
4910,HU,201706,52,9
4911,HU,201707,52,11
4912,HU,201708,52,9
4913,HU,201709,52,9
4914,HU,201710,52,14
4915,HU,201711,52,12
4916,HU,201712,52,19
4917,HU,201801,52,4
4918,HU,201802,52,10
4919,HU,201803,52,11
4920,HU,201804,52,11
4921,HU,201805,52,5
4922,HU,201806,52,19
4923,HU,201807,52,27
4924,HU,201808,52,14
4925,HU,201809,52,43
4926,HU,201810,52,9
4927,HU,201811,52,7
4928,HU,201812,52,8
4929,HU,201901,52,13
4930,HU,201902,52,13
4931,HU,201903,52,13
4932,HU,201904,52,13
4933,HU,201905,52,25
4934,HU,201906,52,2
4935,HU,201907,52,2
4936,HU,201908,52,7
4937,HU,201909,52,10
4938,HU,201910,52,10
4939,HU,201911,52,12
4940,HU,201912,52,9
4941,HU,202002,52,4
4942,HU,202003,52,2
4943,HU,202004,52,1
4944,HU,202005,52,7
4945,HU,202006,52,6
4946,HU,202007,52,4
4947,HU,202008,52,1
4948,HU,202009,52,2
4949,HU,200806,53,2
4950,HU,200903,53,3
4951,HU,200906,53,2
4952,HU,200910,53,1
4953,HU,201004,53,1
4954,HU,201009,53,2
4955,HU,201010,53,3
4956,HU,201104,53,4
4957,HU,201106,53,2
4958,HU,201109,53,2
4959,HU,201110,53,1
4960,HU,201112,53,1
4961,HU,201201,53,5
4962,HU,201204,53,3
4963,HU,201301,53,1
4964,HU,201310,53,2
4965,HU,201401,53,1
4966,HU,201402,53,1
4967,HU,201403,53,7
4968,HU,201405,53,3
4969,HU,201406,53,3
4970,HU,201407,53,1
4971,HU,201408,53,12
4972,HU,201409,53,3
4973,HU,201410,53,1
4974,HU,201412,53,3
4975,HU,201501,53,6
4976,HU,201503,53,1
4977,HU,201506,53,1
4978,HU,201507,53,2
4979,HU,201509,53,32
4980,HU,201510,53,4
4981,HU,201511,53,3
4982,HU,201602,53,5
4983,HU,201604,53,6
4984,HU,201605,53,1
4985,HU,201607,53,2
4986,HU,201608,53,2
4987,HU,201609,53,9
4988,HU,201610,53,8
4989,HU,201611,53,2
4990,HU,201612,53,1
4991,HU,201701,53,2
4992,HU,201704,53,39
4993,HU,201705,53,1
4994,HU,201706,53,6
4995,HU,201707,53,1
4996,HU,201709,53,4
4997,HU,201711,53,5
4998,HU,201801,53,3
4999,HU,201804,53,2
5000,HU,201805,53,2
5001,HU,201806,53,2
5002,HU,201809,53,4
5003,HU,201810,53,2
5004,HU,201811,53,2
5005,HU,201812,53,3
5006,HU,201901,53,3
5007,HU,201902,53,3
5008,HU,201905,53,8
5009,HU,201907,53,1
5010,HU,201909,53,4
5011,HU,202004,53,1
5012,HU,202006,53,1
5013,HU,202008,53,4
5014,HU,202009,53,2
5015,HU,200803,54,34
5016,HU,200805,54,2
5017,HU,200806,54,1
5018,HU,200809,54,2
5019,HU,200810,54,1
5020,HU,200812,54,1
5021,HU,200901,54,8
5022,HU,200902,54,2
5023,HU,200904,54,1
5024,HU,200905,54,6
5025,HU,200906,54,19
5026,HU,200909,54,3
5027,HU,200910,54,7
5028,HU,200912,54,14
5029,HU,201001,54,2
5030,HU,201002,54,2
5031,HU,201009,54,3
5032,HU,201010,54,5
5033,HU,201012,54,1
5034,HU,201102,54,4
5035,HU,201103,54,1
5036,HU,201104,54,2
5037,HU,201105,54,5
5038,HU,201106,54,8
5039,HU,201108,54,5
5040,HU,201110,54,4
5041,HU,201111,54,2
5042,HU,201112,54,2
5043,HU,201201,54,1
5044,HU,201202,54,2
5045,HU,201203,54,9
5046,HU,201204,54,2
5047,HU,201205,54,3
5048,HU,201206,54,2
5049,HU,201207,54,1
5050,HU,201208,54,3
5051,HU,201209,54,6
5052,HU,201210,54,1
5053,HU,201211,54,4
5054,HU,201212,54,2
5055,HU,201303,54,3
5056,HU,201306,54,1
5057,HU,201308,54,2
5058,HU,201309,54,13
5059,HU,201310,54,6
5060,HU,201311,54,5
5061,HU,201312,54,4
5062,HU,201401,54,10
5063,HU,201402,54,11
5064,HU,201403,54,1
5065,HU,201404,54,5
5066,HU,201405,54,3
5067,HU,201406,54,6
5068,HU,201407,54,6
5069,HU,201408,54,5
5070,HU,201410,54,20
5071,HU,201411,54,17
5072,HU,201412,54,3
5073,HU,201501,54,2
5074,HU,201502,54,5
5075,HU,201503,54,12
5076,HU,201504,54,9
5077,HU,201505,54,3
5078,HU,201506,54,8
5079,HU,201507,54,6
5080,HU,201508,54,1
5081,HU,201509,54,9
5082,HU,201510,54,5
5083,HU,201511,54,6
5084,HU,201512,54,5
5085,HU,201601,54,2
5086,HU,201602,54,14
5087,HU,201603,54,8
5088,HU,201604,54,12
5089,HU,201605,54,7
5090,HU,201606,54,3
5091,HU,201607,54,3
5092,HU,201608,54,1
5093,HU,201609,54,8
5094,HU,201610,54,1
5095,HU,201611,54,6
5096,HU,201612,54,11
5097,HU,201701,54,7
5098,HU,201702,54,28
5099,HU,201703,54,14
5100,HU,201704,54,2
5101,HU,201705,54,14
5102,HU,201706,54,11
5103,HU,201707,54,2
5104,HU,201709,54,31
5105,HU,201711,54,4
5106,HU,201712,54,7
5107,HU,201802,54,8
5108,HU,201803,54,4
5109,HU,201804,54,4
5110,HU,201805,54,11
5111,HU,201806,54,4
5112,HU,201807,54,3
5113,HU,201808,54,3
5114,HU,201809,54,54
5115,HU,201811,54,5
5116,HU,201812,54,4
5117,HU,201901,54,5
5118,HU,201902,54,7
5119,HU,201903,54,10
5120,HU,201904,54,3
5121,HU,201905,54,18
5122,HU,201906,54,19
5123,HU,201907,54,2
5124,HU,201908,54,7
5125,HU,201909,54,3
5126,HU,201910,54,28
5127,HU,201911,54,9
5128,HU,201912,54,1
5129,HU,202001,54,2
5130,HU,202002,54,5
5131,HU,202004,54,1
5132,HU,202006,54,1
5133,HU,202008,54,4
5134,HU,202009,54,2
5135,HU,200803,55,2
5136,HU,200804,55,1
5137,HU,200806,55,1
5138,HU,200807,55,2
5139,HU,200808,55,6
5140,HU,200809,55,4
5141,HU,200810,55,6
5142,HU,200811,55,1
5143,HU,200901,55,2
5144,HU,200903,55,3
5145,HU,200904,55,2
5146,HU,200905,55,1
5147,HU,200906,55,2
5148,HU,200909,55,6
5149,HU,200910,55,5
5150,HU,200911,55,2
5151,HU,200912,55,2
5152,HU,201001,55,1
5153,HU,201002,55,2
5154,HU,201007,55,2
5155,HU,201008,55,1
5156,HU,201010,55,2
5157,HU,201011,55,1
5158,HU,201012,55,7
5159,HU,201101,55,2
5160,HU,201102,55,1
5161,HU,201103,55,2
5162,HU,201104,55,1
5163,HU,201106,55,2
5164,HU,201107,55,3
5165,HU,201110,55,2
5166,HU,201111,55,2
5167,HU,201201,55,1
5168,HU,201202,55,2
5169,HU,201203,55,7
5170,HU,201205,55,8
5171,HU,201206,55,8
5172,HU,201208,55,7
5173,HU,201209,55,9
5174,HU,201210,55,9
5175,HU,201211,55,10
5176,HU,201212,55,3
5177,HU,201301,55,2
5178,HU,201303,55,10
5179,HU,201305,55,1
5180,HU,201306,55,12
5181,HU,201307,55,12
5182,HU,201308,55,2
5183,HU,201309,55,2
5184,HU,201310,55,1
5185,HU,201311,55,1
5186,HU,201312,55,1
5187,HU,201401,55,9
5188,HU,201402,55,7
5189,HU,201403,55,11
5190,HU,201404,55,1
5191,HU,201405,55,3
5192,HU,201407,55,2
5193,HU,201408,55,5
5194,HU,201409,55,4
5195,HU,201410,55,3
5196,HU,201501,55,2
5197,HU,201502,55,13
5198,HU,201503,55,8
5199,HU,201504,55,20
5200,HU,201505,55,8
5201,HU,201506,55,4
5202,HU,201507,55,7
5203,HU,201509,55,41
5204,HU,201510,55,7
5205,HU,201511,55,1
5206,HU,201512,55,7
5207,HU,201601,55,6
5208,HU,201602,55,1
5209,HU,201603,55,12
5210,HU,201604,55,2
5211,HU,201606,55,3
5212,HU,201607,55,6
5213,HU,201608,55,4
5214,HU,201609,55,10
5215,HU,201610,55,6
5216,HU,201611,55,15
5217,HU,201612,55,5
5218,HU,201701,55,6
5219,HU,201702,55,4
5220,HU,201703,55,3
5221,HU,201704,55,4
5222,HU,201705,55,5
5223,HU,201706,55,4
5224,HU,201707,55,11
5225,HU,201708,55,6
5226,HU,201709,55,2
5227,HU,201710,55,4
5228,HU,201711,55,8
5229,HU,201712,55,6
5230,HU,201801,55,7
5231,HU,201802,55,2
5232,HU,201803,55,17
5233,HU,201804,55,3
5234,HU,201805,55,7
5235,HU,201806,55,7
5236,HU,201807,55,4
5237,HU,201808,55,5
5238,HU,201809,55,9
5239,HU,201810,55,1
5240,HU,201812,55,2
5241,HU,201901,55,4
5242,HU,201902,55,5
5243,HU,201903,55,66
5244,HU,201904,55,10
5245,HU,201905,55,4
5246,HU,201906,55,2
5247,HU,201907,55,12
5248,HU,201908,55,4
5249,HU,201909,55,5
5250,HU,201911,55,5
5251,HU,201912,55,7
5252,HU,202001,55,13
5253,HU,202002,55,6
5254,HU,202003,55,3
5255,HU,202004,55,1
5256,HU,202005,55,9
5257,HU,202006,55,1
5258,HU,202007,55,3
5259,HU,202008,55,6
5260,HU,202009,55,5
5261,HU,200905,56,1
5262,HU,200906,56,1
5263,HU,200907,56,1
5264,HU,201009,56,1
5265,HU,201102,56,1
5266,HU,201103,56,3
5267,HU,201105,56,3
5268,HU,201107,56,1
5269,HU,201108,56,1
5270,HU,201109,56,1
5271,HU,201112,56,1
5272,HU,201204,56,1
5273,HU,201205,56,4
5274,HU,201208,56,3
5275,HU,201209,56,5
5276,HU,201210,56,3
5277,HU,201212,56,3
5278,HU,201308,56,6
5279,HU,201310,56,4
5280,HU,201312,56,1
5281,HU,201401,56,1
5282,HU,201403,56,1
5283,HU,201404,56,1
5284,HU,201412,56,2
5285,HU,201502,56,1
5286,HU,201503,56,2
5287,HU,201504,56,8
5288,HU,201505,56,2
5289,HU,201506,56,5
5290,HU,201507,56,6
5291,HU,201509,56,10
5292,HU,201510,56,1
5293,HU,201512,56,2
5294,HU,201601,56,6
5295,HU,201602,56,2
5296,HU,201603,56,5
5297,HU,201606,56,1
5298,HU,201610,56,2
5299,HU,201611,56,1
5300,HU,201612,56,2
5301,HU,201701,56,1
5302,HU,201703,56,1
5303,HU,201704,56,4
5304,HU,201705,56,3
5305,HU,201710,56,1
5306,HU,201712,56,3
5307,HU,201801,56,1
5308,HU,201802,56,3
5309,HU,201803,56,4
5310,HU,201804,56,2
5311,HU,201805,56,1
5312,HU,201806,56,1
5313,HU,201807,56,1
5314,HU,201811,56,2
5315,HU,201812,56,4
5316,HU,201903,56,3
5317,HU,201904,56,2
5318,HU,201908,56,6
5319,HU,201909,56,1
5320,HU,201910,56,2
5321,HU,201912,56,5
5322,HU,202003,56,1
5323,HU,202004,56,1
5324,HU,202006,56,2
5325,HU,202007,56,1
5326,HU,200803,57,142
5327,HU,200804,57,105
5328,HU,200805,57,29
5329,HU,200806,57,14
5330,HU,200807,57,18
5331,HU,200808,57,26
5332,HU,200809,57,25
5333,HU,200810,57,31
5334,HU,200811,57,39
5335,HU,200812,57,9
5336,HU,200901,57,62
5337,HU,200902,57,20
5338,HU,200903,57,70
5339,HU,200904,57,51
5340,HU,200905,57,58
5341,HU,200906,57,99
5342,HU,200907,57,240
5343,HU,200908,57,55
5344,HU,200909,57,132
5345,HU,200910,57,87
5346,HU,200911,57,28
5347,HU,200912,57,35
5348,HU,201001,57,45
5349,HU,201002,57,94
5350,HU,201003,57,3
5351,HU,201004,57,19
5352,HU,201005,57,28
5353,HU,201006,57,25
5354,HU,201007,57,48
5355,HU,201008,57,11
5356,HU,201009,57,89
5357,HU,201010,57,52
5358,HU,201011,57,177
5359,HU,201012,57,95
5360,HU,201101,57,73
5361,HU,201102,57,121
5362,HU,201103,57,100
5363,HU,201104,57,100
5364,HU,201105,57,95
5365,HU,201106,57,115
5366,HU,201107,57,64
5367,HU,201108,57,90
5368,HU,201109,57,40
5369,HU,201110,57,35
5370,HU,201111,57,53
5371,HU,201112,57,82
5372,HU,201201,57,56
5373,HU,201202,57,52
5374,HU,201203,57,48
5375,HU,201204,57,74
5376,HU,201205,57,123
5377,HU,201206,57,80
5378,HU,201207,57,46
5379,HU,201208,57,19
5380,HU,201209,57,88
5381,HU,201210,57,75
5382,HU,201211,57,113
5383,HU,201212,57,88
5384,HU,201301,57,72
5385,HU,201302,57,53
5386,HU,201303,57,91
5387,HU,201304,57,23
5388,HU,201305,57,16
5389,HU,201306,57,56
5390,HU,201307,57,105
5391,HU,201308,57,66
5392,HU,201309,57,154
5393,HU,201310,57,128
5394,HU,201311,57,131
5395,HU,201312,57,71
5396,HU,201401,57,128
5397,HU,201402,57,201
5398,HU,201403,57,549
5399,HU,201404,57,105
5400,HU,201405,57,102
5401,HU,201406,57,141
5402,HU,201407,57,82
5403,HU,201408,57,66
5404,HU,201409,57,114
5405,HU,201410,57,84
5406,HU,201411,57,168
5407,HU,201412,57,272
5408,HU,201501,57,107
5409,HU,201502,57,294
5410,HU,201503,57,291
5411,HU,201504,57,291
5412,HU,201505,57,135
5413,HU,201506,57,296
5414,HU,201507,57,243
5415,HU,201508,57,160
5416,HU,201509,57,301
5417,HU,201510,57,178
5418,HU,201511,57,209
5419,HU,201512,57,117
5420,HU,201601,57,226
5421,HU,201602,57,188
5422,HU,201603,57,198
5423,HU,201604,57,82
5424,HU,201605,57,116
5425,HU,201606,57,204
5426,HU,201607,57,356
5427,HU,201608,57,69
5428,HU,201609,57,175
5429,HU,201610,57,183
5430,HU,201611,57,226
5431,HU,201612,57,130
5432,HU,201701,57,120
5433,HU,201702,57,111
5434,HU,201703,57,155
5435,HU,201704,57,172
5436,HU,201705,57,162
5437,HU,201706,57,136
5438,HU,201707,57,294
5439,HU,201708,57,86
5440,HU,201709,57,166
5441,HU,201710,57,219
5442,HU,201711,57,159
5443,HU,201712,57,158
5444,HU,201801,57,84
5445,HU,201802,57,114
5446,HU,201803,57,102
5447,HU,201804,57,189
5448,HU,201805,57,98
5449,HU,201806,57,161
5450,HU,201807,57,173
5451,HU,201808,57,48
5452,HU,201809,57,240
5453,HU,201810,57,230
5454,HU,201811,57,226
5455,HU,201812,57,142
5456,HU,201901,57,82
5457,HU,201902,57,178
5458,HU,201903,57,150
5459,HU,201904,57,216
5460,HU,201905,57,159
5461,HU,201906,57,103
5462,HU,201907,57,55
5463,HU,201908,57,65
5464,HU,201909,57,106
5465,HU,201910,57,132
5466,HU,201911,57,150
5467,HU,201912,57,173
5468,HU,202001,57,70
5469,HU,202002,57,108
5470,HU,202003,57,46
5471,HU,202004,57,46
5472,HU,202005,57,110
5473,HU,202006,57,177
5474,HU,202007,57,133
5475,HU,202008,57,65
5476,HU,202009,57,117
5477,HU,200803,60,3
5478,HU,200804,60,8
5479,HU,200805,60,13
5480,HU,200806,60,17
5481,HU,200807,60,9
5482,HU,200808,60,16
5483,HU,200809,60,5
5484,HU,200810,60,21
5485,HU,200811,60,31
5486,HU,200812,60,24
5487,HU,200901,60,54
5488,HU,200902,60,35
5489,HU,200903,60,66
5490,HU,200904,60,93
5491,HU,200905,60,84
5492,HU,200906,60,58
5493,HU,200907,60,43
5494,HU,200908,60,25
5495,HU,200909,60,36
5496,HU,200910,60,57
5497,HU,200911,60,50
5498,HU,200912,60,31
5499,HU,201001,60,35
5500,HU,201002,60,31
5501,HU,201003,60,13
5502,HU,201004,60,28
5503,HU,201005,60,18
5504,HU,201006,60,15
5505,HU,201007,60,36
5506,HU,201008,60,91
5507,HU,201009,60,68
5508,HU,201010,60,122
5509,HU,201011,60,84
5510,HU,201012,60,34
5511,HU,201101,60,39
5512,HU,201102,60,58
5513,HU,201103,60,66
5514,HU,201104,60,65
5515,HU,201105,60,53
5516,HU,201106,60,28
5517,HU,201107,60,27
5518,HU,201108,60,27
5519,HU,201109,60,24
5520,HU,201110,60,27
5521,HU,201111,60,59
5522,HU,201112,60,34
5523,HU,201201,60,72
5524,HU,201202,60,57
5525,HU,201203,60,82
5526,HU,201204,60,70
5527,HU,201205,60,61
5528,HU,201206,60,52
5529,HU,201207,60,93
5530,HU,201208,60,28
5531,HU,201209,60,49
5532,HU,201210,60,31
5533,HU,201211,60,42
5534,HU,201212,60,56
5535,HU,201301,60,45
5536,HU,201302,60,36
5537,HU,201303,60,69
5538,HU,201304,60,24
5539,HU,201305,60,16
5540,HU,201306,60,60
5541,HU,201307,60,59
5542,HU,201308,60,46
5543,HU,201309,60,38
5544,HU,201310,60,70
5545,HU,201311,60,68
5546,HU,201312,60,37
5547,HU,201401,60,47
5548,HU,201402,60,55
5549,HU,201403,60,105
5550,HU,201404,60,115
5551,HU,201405,60,61
5552,HU,201406,60,49
5553,HU,201407,60,54
5554,HU,201408,60,38
5555,HU,201409,60,106
5556,HU,201410,60,59
5557,HU,201411,60,80
5558,HU,201412,60,90
5559,HU,201501,60,71
5560,HU,201502,60,105
5561,HU,201503,60,133
5562,HU,201504,60,69
5563,HU,201505,60,61
5564,HU,201506,60,108
5565,HU,201507,60,121
5566,HU,201508,60,124
5567,HU,201509,60,419
5568,HU,201510,60,190
5569,HU,201511,60,95
5570,HU,201512,60,102
5571,HU,201601,60,90
5572,HU,201602,60,93
5573,HU,201603,60,99
5574,HU,201604,60,74
5575,HU,201605,60,87
5576,HU,201606,60,91
5577,HU,201607,60,65
5578,HU,201608,60,76
5579,HU,201609,60,135
5580,HU,201610,60,116
5581,HU,201611,60,109
5582,HU,201612,60,127
5583,HU,201701,60,92
5584,HU,201702,60,110
5585,HU,201703,60,106
5586,HU,201704,60,119
5587,HU,201705,60,108
5588,HU,201706,60,73
5589,HU,201707,60,136
5590,HU,201708,60,74
5591,HU,201709,60,77
5592,HU,201710,60,71
5593,HU,201711,60,92
5594,HU,201712,60,49
5595,HU,201801,60,65
5596,HU,201802,60,68
5597,HU,201803,60,68
5598,HU,201804,60,162
5599,HU,201805,60,140
5600,HU,201806,60,96
5601,HU,201807,60,70
5602,HU,201808,60,104
5603,HU,201809,60,128
5604,HU,201810,60,93
5605,HU,201811,60,141
5606,HU,201812,60,127
5607,HU,201901,60,53
5608,HU,201902,60,90
5609,HU,201903,60,78
5610,HU,201904,60,72
5611,HU,201905,60,172
5612,HU,201906,60,111
5613,HU,201907,60,103
5614,HU,201908,60,70
5615,HU,201909,60,68
5616,HU,201910,60,72
5617,HU,201911,60,86
5618,HU,201912,60,76
5619,HU,202001,60,32
5620,HU,202002,60,44
5621,HU,202003,60,54
5622,HU,202004,60,85
5623,HU,202005,60,213
5624,HU,202006,60,83
5625,HU,202007,60,88
5626,HU,202008,60,42
5627,HU,202009,60,33
5628,HU,200803,61,3
5629,HU,200804,61,3
5630,HU,200805,61,9
5631,HU,200806,61,8
5632,HU,200807,61,2
5633,HU,200808,61,6
5634,HU,200809,61,3
5635,HU,200810,61,11
5636,HU,200811,61,7
5637,HU,200812,61,1
5638,HU,200901,61,35
5639,HU,200902,61,15
5640,HU,200903,61,24
5641,HU,200904,61,23
5642,HU,200905,61,28
5643,HU,200906,61,16
5644,HU,200907,61,5
5645,HU,200908,61,9
5646,HU,200909,61,38
5647,HU,200910,61,19
5648,HU,200911,61,22
5649,HU,200912,61,13
5650,HU,201001,61,16
5651,HU,201002,61,20
5652,HU,201003,61,9
5653,HU,201004,61,9
5654,HU,201005,61,2
5655,HU,201006,61,5
5656,HU,201007,61,10
5657,HU,201008,61,25
5658,HU,201009,61,20
5659,HU,201010,61,23
5660,HU,201011,61,17
5661,HU,201012,61,18
5662,HU,201101,61,25
5663,HU,201102,61,42
5664,HU,201103,61,22
5665,HU,201104,61,19
5666,HU,201105,61,31
5667,HU,201106,61,11
5668,HU,201107,61,31
5669,HU,201108,61,51
5670,HU,201109,61,13
5671,HU,201110,61,11
5672,HU,201111,61,43
5673,HU,201112,61,7
5674,HU,201201,61,32
5675,HU,201202,61,31
5676,HU,201203,61,27
5677,HU,201204,61,20
5678,HU,201205,61,16
5679,HU,201206,61,6
5680,HU,201207,61,26
5681,HU,201208,61,17
5682,HU,201209,61,10
5683,HU,201210,61,38
5684,HU,201211,61,64
5685,HU,201212,61,16
5686,HU,201301,61,23
5687,HU,201302,61,26
5688,HU,201303,61,22
5689,HU,201304,61,6
5690,HU,201305,61,6
5691,HU,201306,61,23
5692,HU,201307,61,38
5693,HU,201308,61,33
5694,HU,201309,61,19
5695,HU,201310,61,34
5696,HU,201311,61,32
5697,HU,201312,61,27
5698,HU,201401,61,43
5699,HU,201402,61,42
5700,HU,201403,61,81
5701,HU,201404,61,81
5702,HU,201405,61,16
5703,HU,201406,61,52
5704,HU,201407,61,44
5705,HU,201408,61,81
5706,HU,201409,61,99
5707,HU,201410,61,51
5708,HU,201411,61,76
5709,HU,201412,61,67
5710,HU,201501,61,68
5711,HU,201502,61,82
5712,HU,201503,61,64
5713,HU,201504,61,54
5714,HU,201505,61,47
5715,HU,201506,61,102
5716,HU,201507,61,63
5717,HU,201508,61,98
5718,HU,201509,61,178
5719,HU,201510,61,96
5720,HU,201511,61,133
5721,HU,201512,61,28
5722,HU,201601,61,68
5723,HU,201602,61,49
5724,HU,201603,61,63
5725,HU,201604,61,28
5726,HU,201605,61,87
5727,HU,201606,61,58
5728,HU,201607,61,52
5729,HU,201608,61,49
5730,HU,201609,61,76
5731,HU,201610,61,88
5732,HU,201611,61,88
5733,HU,201612,61,57
5734,HU,201701,61,60
5735,HU,201702,61,65
5736,HU,201703,61,51
5737,HU,201704,61,53
5738,HU,201705,61,41
5739,HU,201706,61,46
5740,HU,201707,61,45
5741,HU,201708,61,41
5742,HU,201709,61,45
5743,HU,201710,61,30
5744,HU,201711,61,36
5745,HU,201712,61,32
5746,HU,201801,61,34
5747,HU,201802,61,64
5748,HU,201803,61,10
5749,HU,201804,61,51
5750,HU,201805,61,18
5751,HU,201806,61,29
5752,HU,201807,61,30
5753,HU,201808,61,25
5754,HU,201809,61,55
5755,HU,201810,61,47
5756,HU,201811,61,36
5757,HU,201812,61,9
5758,HU,201901,61,49
5759,HU,201902,61,39
5760,HU,201903,61,50
5761,HU,201904,61,25
5762,HU,201905,61,64
5763,HU,201906,61,43
5764,HU,201907,61,53
5765,HU,201908,61,44
5766,HU,201909,61,23
5767,HU,201910,61,43
5768,HU,201911,61,33
5769,HU,201912,61,29
5770,HU,202001,61,24
5771,HU,202002,61,39
5772,HU,202003,61,39
5773,HU,202004,61,9
5774,HU,202005,61,41
5775,HU,202006,61,24
5776,HU,202007,61,31
5777,HU,202008,61,3
5778,HU,202009,61,23
5779,HU,200804,62,3
5780,HU,200806,62,2
5781,HU,200812,62,2
5782,HU,200901,62,6
5783,HU,200902,62,2
5784,HU,200903,62,4
5785,HU,200904,62,2
5786,HU,200905,62,2
5787,HU,200906,62,5
5788,HU,200908,62,19
5789,HU,200909,62,1
5790,HU,200910,62,4
5791,HU,200911,62,2
5792,HU,200912,62,4
5793,HU,201001,62,3
5794,HU,201002,62,2
5795,HU,201003,62,3
5796,HU,201005,62,6
5797,HU,201008,62,9
5798,HU,201010,62,4
5799,HU,201011,62,3
5800,HU,201012,62,8
5801,HU,201101,62,6
5802,HU,201102,62,2
5803,HU,201105,62,2
5804,HU,201107,62,2
5805,HU,201111,62,2
5806,HU,201112,62,8
5807,HU,201201,62,6
5808,HU,201202,62,1
5809,HU,201203,62,3
5810,HU,201204,62,1
5811,HU,201205,62,4
5812,HU,201207,62,4
5813,HU,201208,62,5
5814,HU,201209,62,9
5815,HU,201211,62,4
5816,HU,201303,62,4
5817,HU,201304,62,1
5818,HU,201308,62,2
5819,HU,201309,62,8
5820,HU,201312,62,6
5821,HU,201401,62,2
5822,HU,201403,62,12
5823,HU,201404,62,2
5824,HU,201405,62,7
5825,HU,201406,62,14
5826,HU,201407,62,3
5827,HU,201408,62,5
5828,HU,201409,62,9
5829,HU,201410,62,16
5830,HU,201411,62,3
5831,HU,201412,62,1
5832,HU,201501,62,2
5833,HU,201502,62,26
5834,HU,201503,62,24
5835,HU,201504,62,6
5836,HU,201505,62,2
5837,HU,201506,62,5
5838,HU,201507,62,6
5839,HU,201508,62,6
5840,HU,201509,62,24
5841,HU,201510,62,57
5842,HU,201511,62,4
5843,HU,201602,62,11
5844,HU,201603,62,19
5845,HU,201604,62,10
5846,HU,201605,62,18
5847,HU,201606,62,11
5848,HU,201607,62,6
5849,HU,201608,62,5
5850,HU,201609,62,16
5851,HU,201610,62,7
5852,HU,201611,62,5
5853,HU,201612,62,4
5854,HU,201701,62,22
5855,HU,201702,62,8
5856,HU,201703,62,8
5857,HU,201704,62,6
5858,HU,201705,62,12
5859,HU,201706,62,12
5860,HU,201707,62,15
5861,HU,201708,62,37
5862,HU,201709,62,8
5863,HU,201710,62,6
5864,HU,201711,62,7
5865,HU,201801,62,6
5866,HU,201802,62,5
5867,HU,201803,62,12
5868,HU,201804,62,2
5869,HU,201805,62,7
5870,HU,201806,62,8
5871,HU,201807,62,10
5872,HU,201808,62,4
5873,HU,201809,62,20
5874,HU,201810,62,10
5875,HU,201811,62,15
5876,HU,201812,62,49
5877,HU,201901,62,22
5878,HU,201902,62,14
5879,HU,201903,62,13
5880,HU,201904,62,12
5881,HU,201905,62,18
5882,HU,201906,62,1
5883,HU,201907,62,17
5884,HU,201908,62,8
5885,HU,201909,62,5
5886,HU,201910,62,8
5887,HU,201911,62,6
5888,HU,201912,62,15
5889,HU,202001,62,7
5890,HU,202002,62,18
5891,HU,202003,62,12
5892,HU,202004,62,16
5893,HU,202006,62,4
5894,HU,202007,62,3
5895,HU,202008,62,12
5896,HU,202009,62,1
5897,HU,200807,63,1
5898,HU,200904,63,1
5899,HU,200909,63,1
5900,HU,200910,63,3
5901,HU,200911,63,2
5902,HU,200912,63,1
5903,HU,201008,63,2
5904,HU,201009,63,1
5905,HU,201011,63,2
5906,HU,201102,63,1
5907,HU,201103,63,2
5908,HU,201203,63,4
5909,HU,201204,63,14
5910,HU,201205,63,1
5911,HU,201206,63,4
5912,HU,201207,63,12
5913,HU,201208,63,12
5914,HU,201209,63,8
5915,HU,201210,63,3
5916,HU,201211,63,2
5917,HU,201212,63,2
5918,HU,201301,63,2
5919,HU,201306,63,2
5920,HU,201308,63,5
5921,HU,201310,63,14
5922,HU,201311,63,3
5923,HU,201312,63,1
5924,HU,201401,63,6
5925,HU,201402,63,2
5926,HU,201403,63,2
5927,HU,201404,63,1
5928,HU,201407,63,4
5929,HU,201410,63,6
5930,HU,201411,63,10
5931,HU,201412,63,1
5932,HU,201501,63,7
5933,HU,201502,63,2
5934,HU,201503,63,5
5935,HU,201504,63,1
5936,HU,201505,63,1
5937,HU,201506,63,19
5938,HU,201507,63,2
5939,HU,201508,63,10
5940,HU,201509,63,17
5941,HU,201510,63,15
5942,HU,201511,63,8
5943,HU,201512,63,8
5944,HU,201601,63,6
5945,HU,201602,63,15
5946,HU,201603,63,3
5947,HU,201604,63,14
5948,HU,201605,63,2
5949,HU,201606,63,2
5950,HU,201607,63,3
5951,HU,201608,63,1
5952,HU,201609,63,5
5953,HU,201610,63,1
5954,HU,201611,63,1
5955,HU,201612,63,1
5956,HU,201701,63,8
5957,HU,201702,63,8
5958,HU,201704,63,6
5959,HU,201706,63,14
5960,HU,201707,63,10
5961,HU,201708,63,5
5962,HU,201709,63,3
5963,HU,201710,63,1
5964,HU,201711,63,1
5965,HU,201712,63,4
5966,HU,201801,63,2
5967,HU,201803,63,5
5968,HU,201807,63,3
5969,HU,201808,63,1
5970,HU,201809,63,1
5971,HU,201810,63,2
5972,HU,201811,63,7
5973,HU,201812,63,3
5974,HU,201901,63,5
5975,HU,201903,63,11
5976,HU,201904,63,1
5977,HU,201905,63,63
5978,HU,201906,63,5
5979,HU,201907,63,4
5980,HU,201908,63,2
5981,HU,201909,63,13
5982,HU,201910,63,4
5983,HU,201911,63,2
5984,HU,201912,63,2
5985,HU,202001,63,1
5986,HU,202002,63,4
5987,HU,202003,63,1
5988,HU,202004,63,4
5989,HU,202005,63,4
5990,HU,202007,63,2
5991,HU,202008,63,2
5992,HU,202009,63,1
5993,HU,200903,64,1
5994,HU,200905,64,4
5995,HU,200912,64,1
5996,HU,201002,64,1
5997,HU,201008,64,2
5998,HU,201102,64,2
5999,HU,201103,64,6
6000,HU,201104,64,1
6001,HU,201105,64,2
6002,HU,201108,64,2
6003,HU,201111,64,1
6004,HU,201201,64,1
6005,HU,201202,64,1
6006,HU,201203,64,2
6007,HU,201204,64,4
6008,HU,201206,64,2
6009,HU,201209,64,1
6010,HU,201306,64,2
6011,HU,201307,64,1
6012,HU,201312,64,1
6013,HU,201401,64,2
6014,HU,201405,64,1
6015,HU,201407,64,2
6016,HU,201411,64,1
6017,HU,201503,64,2
6018,HU,201510,64,6
6019,HU,201511,64,2
6020,HU,201603,64,2
6021,HU,201604,64,1
6022,HU,201605,64,1
6023,HU,201607,64,3
6024,HU,201608,64,2
6025,HU,201609,64,3
6026,HU,201610,64,3
6027,HU,201611,64,1
6028,HU,201704,64,1
6029,HU,201705,64,1
6030,HU,201706,64,3
6031,HU,201707,64,1
6032,HU,201710,64,1
6033,HU,201711,64,8
6034,HU,201804,64,2
6035,HU,201807,64,1
6036,HU,201809,64,3
6037,HU,201811,64,1
6038,HU,201812,64,1
6039,HU,201904,64,1
6040,HU,201905,64,4
6041,HU,201906,64,7
6042,HU,201910,64,3
6043,HU,201911,64,2
6044,HU,202001,64,2
6045,HU,202002,64,2
6046,HU,202003,64,1
6047,HU,202005,64,1
6048,HU,202009,64,1
6049,HU,200803,70,5
6050,HU,200804,70,1
6051,HU,200805,70,10
6052,HU,200806,70,3
6053,HU,200807,70,39
6054,HU,200808,70,5
6055,HU,200809,70,10
6056,HU,200810,70,33
6057,HU,200811,70,14
6058,HU,200812,70,17
6059,HU,200901,70,32
6060,HU,200902,70,18
6061,HU,200903,70,46
6062,HU,200904,70,29
6063,HU,200905,70,25
6064,HU,200906,70,31
6065,HU,200907,70,34
6066,HU,200908,70,39
6067,HU,200909,70,47
6068,HU,200910,70,46
6069,HU,200911,70,60
6070,HU,200912,70,34
6071,HU,201001,70,31
6072,HU,201002,70,25
6073,HU,201003,70,7
6074,HU,201004,70,11
6075,HU,201005,70,7
6076,HU,201006,70,18
6077,HU,201007,70,41
6078,HU,201008,70,45
6079,HU,201009,70,35
6080,HU,201010,70,94
6081,HU,201011,70,20
6082,HU,201012,70,39
6083,HU,201101,70,26
6084,HU,201102,70,44
6085,HU,201103,70,52
6086,HU,201104,70,52
6087,HU,201105,70,34
6088,HU,201106,70,26
6089,HU,201107,70,36
6090,HU,201108,70,15
6091,HU,201109,70,18
6092,HU,201110,70,21
6093,HU,201111,70,16
6094,HU,201112,70,28
6095,HU,201201,70,57
6096,HU,201202,70,34
6097,HU,201203,70,34
6098,HU,201204,70,33
6099,HU,201205,70,25
6100,HU,201206,70,21
6101,HU,201207,70,28
6102,HU,201208,70,16
6103,HU,201209,70,28
6104,HU,201210,70,29
6105,HU,201211,70,28
6106,HU,201212,70,15
6107,HU,201301,70,55
6108,HU,201302,70,29
6109,HU,201303,70,67
6110,HU,201304,70,31
6111,HU,201305,70,21
6112,HU,201306,70,41
6113,HU,201307,70,61
6114,HU,201308,70,43
6115,HU,201309,70,59
6116,HU,201310,70,53
6117,HU,201311,70,67
6118,HU,201312,70,32
6119,HU,201401,70,33
6120,HU,201402,70,54
6121,HU,201403,70,74
6122,HU,201404,70,43
6123,HU,201405,70,49
6124,HU,201406,70,34
6125,HU,201407,70,51
6126,HU,201408,70,39
6127,HU,201409,70,54
6128,HU,201410,70,43
6129,HU,201411,70,54
6130,HU,201412,70,64
6131,HU,201501,70,29
6132,HU,201502,70,107
6133,HU,201503,70,46
6134,HU,201504,70,73
6135,HU,201505,70,62
6136,HU,201506,70,101
6137,HU,201507,70,100
6138,HU,201508,70,88
6139,HU,201509,70,483
6140,HU,201510,70,117
6141,HU,201511,70,79
6142,HU,201512,70,71
6143,HU,201601,70,86
6144,HU,201602,70,66
6145,HU,201603,70,57
6146,HU,201604,70,74
6147,HU,201605,70,89
6148,HU,201606,70,45
6149,HU,201607,70,105
6150,HU,201608,70,54
6151,HU,201609,70,101
6152,HU,201610,70,90
6153,HU,201611,70,90
6154,HU,201612,70,49
6155,HU,201701,70,56
6156,HU,201702,70,111
6157,HU,201703,70,92
6158,HU,201704,70,66
6159,HU,201705,70,78
6160,HU,201706,70,59
6161,HU,201707,70,83
6162,HU,201708,70,56
6163,HU,201709,70,80
6164,HU,201710,70,59
6165,HU,201711,70,60
6166,HU,201712,70,57
6167,HU,201801,70,54
6168,HU,201802,70,73
6169,HU,201803,70,80
6170,HU,201804,70,59
6171,HU,201805,70,78
6172,HU,201806,70,65
6173,HU,201807,70,85
6174,HU,201808,70,52
6175,HU,201809,70,66
6176,HU,201810,70,83
6177,HU,201811,70,121
6178,HU,201812,70,96
6179,HU,201901,70,88
6180,HU,201902,70,80
6181,HU,201903,70,59
6182,HU,201904,70,74
6183,HU,201905,70,97
6184,HU,201906,70,59
6185,HU,201907,70,37
6186,HU,201908,70,50
6187,HU,201909,70,63
6188,HU,201910,70,77
6189,HU,201911,70,69
6190,HU,201912,70,56
6191,HU,202001,70,40
6192,HU,202002,70,60
6193,HU,202003,70,59
6194,HU,202004,70,112
6195,HU,202005,70,56
6196,HU,202006,70,45
6197,HU,202007,70,57
6198,HU,202008,70,52
6199,HU,202009,70,42
6200,HU,200803,71,3
6201,HU,200804,71,6
6202,HU,200805,71,14
6203,HU,200806,71,15
6204,HU,200807,71,7
6205,HU,200808,71,3
6206,HU,200809,71,10
6207,HU,200810,71,38
6208,HU,200811,71,22
6209,HU,200812,71,15
6210,HU,200901,71,71
6211,HU,200902,71,72
6212,HU,200903,71,174
6213,HU,200904,71,87
6214,HU,200905,71,72
6215,HU,200906,71,78
6216,HU,200907,71,18
6217,HU,200908,71,59
6218,HU,200909,71,66
6219,HU,200910,71,71
6220,HU,200911,71,31
6221,HU,200912,71,29
6222,HU,201001,71,44
6223,HU,201002,71,46
6224,HU,201003,71,11
6225,HU,201004,71,25
6226,HU,201005,71,45
6227,HU,201006,71,41
6228,HU,201007,71,31
6229,HU,201008,71,71
6230,HU,201009,71,75
6231,HU,201010,71,107
6232,HU,201011,71,111
6233,HU,201012,71,81
6234,HU,201101,71,64
6235,HU,201102,71,115
6236,HU,201103,71,85
6237,HU,201104,71,55
6238,HU,201105,71,75
6239,HU,201106,71,79
6240,HU,201107,71,70
6241,HU,201108,71,70
6242,HU,201109,71,58
6243,HU,201110,71,55
6244,HU,201111,71,77
6245,HU,201112,71,67
6246,HU,201201,71,111
6247,HU,201202,71,91
6248,HU,201203,71,74
6249,HU,201204,71,65
6250,HU,201205,71,67
6251,HU,201206,71,75
6252,HU,201207,71,59
6253,HU,201208,71,39
6254,HU,201209,71,43
6255,HU,201210,71,63
6256,HU,201211,71,47
6257,HU,201212,71,59
6258,HU,201301,71,42
6259,HU,201302,71,49
6260,HU,201303,71,42
6261,HU,201304,71,13
6262,HU,201305,71,13
6263,HU,201306,71,36
6264,HU,201307,71,69
6265,HU,201308,71,65
6266,HU,201309,71,68
6267,HU,201310,71,63
6268,HU,201311,71,52
6269,HU,201312,71,51
6270,HU,201401,71,45
6271,HU,201402,71,51
6272,HU,201403,71,78
6273,HU,201404,71,100
6274,HU,201405,71,84
6275,HU,201406,71,102
6276,HU,201407,71,70
6277,HU,201408,71,64
6278,HU,201409,71,160
6279,HU,201410,71,124
6280,HU,201411,71,90
6281,HU,201412,71,88
6282,HU,201501,71,90
6283,HU,201502,71,127
6284,HU,201503,71,109
6285,HU,201504,71,120
6286,HU,201505,71,69
6287,HU,201506,71,118
6288,HU,201507,71,103
6289,HU,201508,71,115
6290,HU,201509,71,192
6291,HU,201510,71,84
6292,HU,201511,71,132
6293,HU,201512,71,126
6294,HU,201601,71,129
6295,HU,201602,71,101
6296,HU,201603,71,131
6297,HU,201604,71,157
6298,HU,201605,71,123
6299,HU,201606,71,122
6300,HU,201607,71,92
6301,HU,201608,71,91
6302,HU,201609,71,142
6303,HU,201610,71,133
6304,HU,201611,71,138
6305,HU,201612,71,77
6306,HU,201701,71,217
6307,HU,201702,71,193
6308,HU,201703,71,209
6309,HU,201704,71,260
6310,HU,201705,71,203
6311,HU,201706,71,251
6312,HU,201707,71,182
6313,HU,201708,71,92
6314,HU,201709,71,151
6315,HU,201710,71,164
6316,HU,201711,71,174
6317,HU,201712,71,155
6318,HU,201801,71,127
6319,HU,201802,71,170
6320,HU,201803,71,145
6321,HU,201804,71,222
6322,HU,201805,71,179
6323,HU,201806,71,202
6324,HU,201807,71,74
6325,HU,201808,71,86
6326,HU,201809,71,150
6327,HU,201810,71,175
6328,HU,201811,71,140
6329,HU,201812,71,103
6330,HU,201901,71,115
6331,HU,201902,71,129
6332,HU,201903,71,114
6333,HU,201904,71,82
6334,HU,201905,71,152
6335,HU,201906,71,76
6336,HU,201907,71,110
6337,HU,201908,71,46
6338,HU,201909,71,97
6339,HU,201910,71,110
6340,HU,201911,71,125
6341,HU,201912,71,85
6342,HU,202001,71,69
6343,HU,202002,71,102
6344,HU,202003,71,61
6345,HU,202004,71,121
6346,HU,202005,71,122
6347,HU,202006,71,111
6348,HU,202007,71,142
6349,HU,202008,71,78
6350,HU,202009,71,79
6351,HU,200803,72,13
6352,HU,200804,72,1
6353,HU,200810,72,1
6354,HU,200811,72,1
6355,HU,200901,72,6
6356,HU,200902,72,3
6357,HU,200903,72,1
6358,HU,200904,72,1
6359,HU,200905,72,5
6360,HU,200906,72,4
6361,HU,200907,72,2
6362,HU,200908,72,4
6363,HU,200909,72,6
6364,HU,200910,72,19
6365,HU,200911,72,2
6366,HU,200912,72,5
6367,HU,201001,72,1
6368,HU,201002,72,2
6369,HU,201005,72,6
6370,HU,201007,72,2
6371,HU,201008,72,4
6372,HU,201009,72,3
6373,HU,201010,72,3
6374,HU,201011,72,5
6375,HU,201101,72,4
6376,HU,201103,72,3
6377,HU,201104,72,4
6378,HU,201105,72,3
6379,HU,201106,72,2
6380,HU,201107,72,1
6381,HU,201108,72,1
6382,HU,201111,72,4
6383,HU,201112,72,2
6384,HU,201201,72,3
6385,HU,201202,72,2
6386,HU,201204,72,2
6387,HU,201205,72,2
6388,HU,201206,72,2
6389,HU,201208,72,6
6390,HU,201209,72,4
6391,HU,201210,72,3
6392,HU,201211,72,3
6393,HU,201212,72,2
6394,HU,201301,72,2
6395,HU,201304,72,1
6396,HU,201306,72,8
6397,HU,201307,72,4
6398,HU,201308,72,4
6399,HU,201309,72,6
6400,HU,201310,72,2
6401,HU,201311,72,2
6402,HU,201401,72,4
6403,HU,201402,72,3
6404,HU,201403,72,10
6405,HU,201404,72,14
6406,HU,201405,72,1
6407,HU,201406,72,18
6408,HU,201407,72,5
6409,HU,201408,72,12
6410,HU,201409,72,31
6411,HU,201410,72,6
6412,HU,201411,72,7
6413,HU,201412,72,11
6414,HU,201501,72,4
6415,HU,201502,72,11
6416,HU,201503,72,32
6417,HU,201504,72,29
6418,HU,201505,72,13
6419,HU,201506,72,12
6420,HU,201507,72,14
6421,HU,201508,72,42
6422,HU,201509,72,60
6423,HU,201510,72,21
6424,HU,201511,72,5
6425,HU,201512,72,16
6426,HU,201601,72,14
6427,HU,201602,72,18
6428,HU,201603,72,12
6429,HU,201604,72,10
6430,HU,201605,72,14
6431,HU,201606,72,8
6432,HU,201607,72,20
6433,HU,201608,72,11
6434,HU,201609,72,19
6435,HU,201610,72,36
6436,HU,201611,72,37
6437,HU,201612,72,10
6438,HU,201701,72,13
6439,HU,201702,72,29
6440,HU,201703,72,24
6441,HU,201704,72,20
6442,HU,201705,72,4
6443,HU,201706,72,14
6444,HU,201707,72,7
6445,HU,201708,72,5
6446,HU,201709,72,11
6447,HU,201710,72,5
6448,HU,201711,72,8
6449,HU,201712,72,6
6450,HU,201801,72,5
6451,HU,201802,72,17
6452,HU,201803,72,8
6453,HU,201804,72,10
6454,HU,201805,72,16
6455,HU,201806,72,9
6456,HU,201807,72,6
6457,HU,201808,72,2
6458,HU,201809,72,7
6459,HU,201810,72,10
6460,HU,201811,72,5
6461,HU,201812,72,3
6462,HU,201901,72,8
6463,HU,201902,72,9
6464,HU,201903,72,26
6465,HU,201904,72,5
6466,HU,201905,72,8
6467,HU,201906,72,7
6468,HU,201907,72,4
6469,HU,201908,72,5
6470,HU,201909,72,10
6471,HU,201910,72,9
6472,HU,201911,72,6
6473,HU,201912,72,6
6474,HU,202001,72,2
6475,HU,202002,72,4
6476,HU,202003,72,14
6477,HU,202004,72,19
6478,HU,202005,72,6
6479,HU,202006,72,1
6480,HU,202007,72,8
6481,HU,202008,72,4
6482,HU,202009,72,5
6483,HU,200804,73,7
6484,HU,200805,73,5
6485,HU,200806,73,2
6486,HU,200807,73,3
6487,HU,200808,73,3
6488,HU,200810,73,28
6489,HU,200811,73,6
6490,HU,200812,73,1
6491,HU,200901,73,20
6492,HU,200902,73,27
6493,HU,200903,73,28
6494,HU,200904,73,3
6495,HU,200905,73,12
6496,HU,200906,73,6
6497,HU,200907,73,24
6498,HU,200908,73,5
6499,HU,200909,73,5
6500,HU,200910,73,22
6501,HU,200911,73,2
6502,HU,200912,73,2
6503,HU,201001,73,10
6504,HU,201002,73,10
6505,HU,201003,73,2
6506,HU,201004,73,4
6507,HU,201005,73,1
6508,HU,201006,73,10
6509,HU,201007,73,2
6510,HU,201008,73,5
6511,HU,201009,73,14
6512,HU,201010,73,154
6513,HU,201011,73,1
6514,HU,201012,73,10
6515,HU,201101,73,10
6516,HU,201102,73,11
6517,HU,201103,73,18
6518,HU,201104,73,16
6519,HU,201105,73,14
6520,HU,201106,73,18
6521,HU,201107,73,3
6522,HU,201108,73,13
6523,HU,201109,73,1
6524,HU,201110,73,12
6525,HU,201111,73,15
6526,HU,201112,73,4
6527,HU,201201,73,58
6528,HU,201202,73,6
6529,HU,201203,73,4
6530,HU,201204,73,6
6531,HU,201205,73,7
6532,HU,201206,73,1
6533,HU,201207,73,9
6534,HU,201208,73,13
6535,HU,201209,73,10
6536,HU,201210,73,5
6537,HU,201211,73,3
6538,HU,201212,73,12
6539,HU,201301,73,3
6540,HU,201302,73,6
6541,HU,201303,73,12
6542,HU,201304,73,4
6543,HU,201305,73,1
6544,HU,201306,73,13
6545,HU,201307,73,9
6546,HU,201308,73,2
6547,HU,201309,73,7
6548,HU,201310,73,11
6549,HU,201311,73,14
6550,HU,201312,73,7
6551,HU,201401,73,8
6552,HU,201402,73,8
6553,HU,201403,73,7
6554,HU,201404,73,9
6555,HU,201405,73,6
6556,HU,201406,73,3
6557,HU,201407,73,7
6558,HU,201408,73,13
6559,HU,201409,73,10
6560,HU,201410,73,14
6561,HU,201411,73,7
6562,HU,201412,73,4
6563,HU,201501,73,11
6564,HU,201502,73,4
6565,HU,201503,73,20
6566,HU,201504,73,32
6567,HU,201505,73,31
6568,HU,201506,73,28
6569,HU,201507,73,44
6570,HU,201508,73,102
6571,HU,201509,73,854
6572,HU,201510,73,139
6573,HU,201511,73,42
6574,HU,201512,73,24
6575,HU,201601,73,25
6576,HU,201602,73,34
6577,HU,201603,73,36
6578,HU,201604,73,24
6579,HU,201605,73,51
6580,HU,201606,73,23
6581,HU,201607,73,36
6582,HU,201608,73,33
6583,HU,201609,73,73
6584,HU,201610,73,34
6585,HU,201611,73,40
6586,HU,201612,73,15
6587,HU,201701,73,29
6588,HU,201702,73,26
6589,HU,201703,73,39
6590,HU,201704,73,31
6591,HU,201705,73,57
6592,HU,201706,73,28
6593,HU,201707,73,16
6594,HU,201708,73,18
6595,HU,201709,73,95
6596,HU,201710,73,26
6597,HU,201711,73,12
6598,HU,201712,73,29
6599,HU,201801,73,50
6600,HU,201802,73,22
6601,HU,201803,73,23
6602,HU,201804,73,30
6603,HU,201805,73,38
6604,HU,201806,73,45
6605,HU,201807,73,81
6606,HU,201808,73,62
6607,HU,201809,73,28
6608,HU,201810,73,19
6609,HU,201811,73,26
6610,HU,201812,73,8
6611,HU,201901,73,11
6612,HU,201902,73,17
6613,HU,201903,73,19
6614,HU,201904,73,22
6615,HU,201905,73,164
6616,HU,201906,73,105
6617,HU,201907,73,28
6618,HU,201908,73,11
6619,HU,201909,73,9
6620,HU,201910,73,26
6621,HU,201911,73,8
6622,HU,201912,73,6
6623,HU,202001,73,11
6624,HU,202002,73,6
6625,HU,202003,73,22
6626,HU,202004,73,22
6627,HU,202005,73,19
6628,HU,202006,73,11
6629,HU,202007,73,18
6630,HU,202008,73,11
6631,HU,202009,73,17
6632,HU,200905,74,1
6633,HU,200910,74,1
6634,HU,201010,74,1
6635,HU,201011,74,2
6636,HU,201108,74,2
6637,HU,201204,74,1
6638,HU,201209,74,1
6639,HU,201404,74,1
6640,HU,201405,74,1
6641,HU,201408,74,3
6642,HU,201410,74,2
6643,HU,201411,74,2
6644,HU,201502,74,1
6645,HU,201505,74,3
6646,HU,201507,74,4
6647,HU,201508,74,1
6648,HU,201509,74,1
6649,HU,201510,74,7
6650,HU,201511,74,1
6651,HU,201512,74,1
6652,HU,201602,74,1
6653,HU,201605,74,1
6654,HU,201606,74,3
6655,HU,201608,74,2
6656,HU,201609,74,1
6657,HU,201610,74,4
6658,HU,201612,74,3
6659,HU,201701,74,3
6660,HU,201702,74,1
6661,HU,201708,74,2
6662,HU,201711,74,1
6663,HU,201712,74,1
6664,HU,201801,74,1
6665,HU,201803,74,3
6666,HU,201806,74,2
6667,HU,201809,74,1
6668,HU,201811,74,1
6669,HU,201905,74,3
6670,HU,201907,74,1
6671,HU,201910,74,1
6672,HU,202001,74,5
6673,HU,202002,74,1
6674,HU,202006,74,1
6675,HU,202007,74,1
6676,HU,200806,75,1
6677,HU,200811,75,3
6678,HU,200901,75,2
6679,HU,200902,75,2
6680,HU,200903,75,7
6681,HU,200904,75,8
6682,HU,200907,75,2
6683,HU,200908,75,2
6684,HU,200909,75,3
6685,HU,200910,75,3
6686,HU,200911,75,2
6687,HU,200912,75,3
6688,HU,201001,75,2
6689,HU,201005,75,2
6690,HU,201007,75,1
6691,HU,201008,75,4
6692,HU,201009,75,3
6693,HU,201010,75,4
6694,HU,201011,75,5
6695,HU,201012,75,3
6696,HU,201102,75,2
6697,HU,201103,75,1
6698,HU,201104,75,3
6699,HU,201105,75,2
6700,HU,201108,75,4
6701,HU,201110,75,2
6702,HU,201111,75,3
6703,HU,201112,75,6
6704,HU,201201,75,1
6705,HU,201202,75,3
6706,HU,201203,75,2
6707,HU,201204,75,3
6708,HU,201206,75,2
6709,HU,201207,75,3
6710,HU,201208,75,28
6711,HU,201209,75,1
6712,HU,201210,75,1
6713,HU,201212,75,5
6714,HU,201301,75,1
6715,HU,201305,75,1
6716,HU,201306,75,2
6717,HU,201307,75,7
6718,HU,201308,75,1
6719,HU,201309,75,8
6720,HU,201310,75,1
6721,HU,201311,75,15
6722,HU,201312,75,18
6723,HU,201401,75,1
6724,HU,201404,75,6
6725,HU,201405,75,6
6726,HU,201406,75,6
6727,HU,201407,75,11
6728,HU,201408,75,1
6729,HU,201409,75,1
6730,HU,201410,75,4
6731,HU,201411,75,9
6732,HU,201412,75,1
6733,HU,201501,75,14
6734,HU,201502,75,7
6735,HU,201503,75,14
6736,HU,201504,75,16
6737,HU,201505,75,26
6738,HU,201506,75,29
6739,HU,201507,75,96
6740,HU,201508,75,85
6741,HU,201509,75,463
6742,HU,201510,75,95
6743,HU,201511,75,42
6744,HU,201512,75,21
6745,HU,201601,75,24
6746,HU,201602,75,52
6747,HU,201603,75,49
6748,HU,201604,75,13
6749,HU,201605,75,33
6750,HU,201606,75,22
6751,HU,201607,75,24
6752,HU,201608,75,24
6753,HU,201609,75,69
6754,HU,201610,75,46
6755,HU,201611,75,9
6756,HU,201612,75,25
6757,HU,201701,75,9
6758,HU,201702,75,15
6759,HU,201703,75,53
6760,HU,201704,75,26
6761,HU,201705,75,31
6762,HU,201706,75,12
6763,HU,201707,75,10
6764,HU,201708,75,6
6765,HU,201709,75,59
6766,HU,201710,75,10
6767,HU,201711,75,18
6768,HU,201712,75,37
6769,HU,201801,75,42
6770,HU,201802,75,12
6771,HU,201803,75,10
6772,HU,201804,75,24
6773,HU,201805,75,25
6774,HU,201806,75,16
6775,HU,201807,75,10
6776,HU,201808,75,7
6777,HU,201809,75,18
6778,HU,201810,75,12
6779,HU,201811,75,128
6780,HU,201812,75,17
6781,HU,201901,75,19
6782,HU,201902,75,19
6783,HU,201903,75,13
6784,HU,201904,75,10
6785,HU,201905,75,25
6786,HU,201906,75,28
6787,HU,201907,75,3
6788,HU,201908,75,10
6789,HU,201909,75,12
6790,HU,201910,75,11
6791,HU,201911,75,10
6792,HU,201912,75,4
6793,HU,202001,75,12
6794,HU,202002,75,6
6795,HU,202003,75,6
6796,HU,202004,75,10
6797,HU,202005,75,1
6798,HU,202006,75,4
6799,HU,202007,75,9
6800,HU,202008,75,20
6801,HU,202009,75,10
6802,HU,200803,80,5
6803,HU,200804,80,4
6804,HU,200805,80,4
6805,HU,200806,80,6
6806,HU,200807,80,9
6807,HU,200808,80,14
6808,HU,200809,80,3
6809,HU,200810,80,6
6810,HU,200811,80,5
6811,HU,200812,80,6
6812,HU,200901,80,21
6813,HU,200902,80,36
6814,HU,200903,80,55
6815,HU,200904,80,24
6816,HU,200905,80,34
6817,HU,200906,80,32
6818,HU,200907,80,22
6819,HU,200908,80,73
6820,HU,200909,80,59
6821,HU,200910,80,71
6822,HU,200911,80,95
6823,HU,200912,80,46
6824,HU,201001,80,35
6825,HU,201002,80,11
6826,HU,201003,80,5
6827,HU,201004,80,18
6828,HU,201005,80,9
6829,HU,201006,80,19
6830,HU,201007,80,38
6831,HU,201008,80,54
6832,HU,201009,80,58
6833,HU,201010,80,46
6834,HU,201011,80,30
6835,HU,201012,80,27
6836,HU,201101,80,52
6837,HU,201102,80,47
6838,HU,201103,80,42
6839,HU,201104,80,37
6840,HU,201105,80,56
6841,HU,201106,80,28
6842,HU,201107,80,47
6843,HU,201108,80,30
6844,HU,201109,80,22
6845,HU,201110,80,35
6846,HU,201111,80,61
6847,HU,201112,80,39
6848,HU,201201,80,93
6849,HU,201202,80,66
6850,HU,201203,80,72
6851,HU,201204,80,52
6852,HU,201205,80,24
6853,HU,201206,80,46
6854,HU,201207,80,73
6855,HU,201208,80,97
6856,HU,201209,80,348
6857,HU,201210,80,75
6858,HU,201211,80,29
6859,HU,201212,80,31
6860,HU,201301,80,27
6861,HU,201302,80,25
6862,HU,201303,80,32
6863,HU,201304,80,14
6864,HU,201305,80,8
6865,HU,201306,80,61
6866,HU,201307,80,37
6867,HU,201308,80,51
6868,HU,201309,80,47
6869,HU,201310,80,31
6870,HU,201311,80,49
6871,HU,201312,80,32
6872,HU,201401,80,45
6873,HU,201402,80,56
6874,HU,201403,80,86
6875,HU,201404,80,68
6876,HU,201405,80,50
6877,HU,201406,80,46
6878,HU,201407,80,76
6879,HU,201408,80,53
6880,HU,201409,80,74
6881,HU,201410,80,69
6882,HU,201411,80,119
6883,HU,201412,80,50
6884,HU,201501,80,61
6885,HU,201502,80,91
6886,HU,201503,80,70
6887,HU,201504,80,62
6888,HU,201505,80,68
6889,HU,201506,80,86
6890,HU,201507,80,96
6891,HU,201508,80,154
6892,HU,201509,80,995
6893,HU,201510,80,214
6894,HU,201511,80,119
6895,HU,201512,80,90
6896,HU,201601,80,95
6897,HU,201602,80,97
6898,HU,201603,80,114
6899,HU,201604,80,99
6900,HU,201605,80,124
6901,HU,201606,80,116
6902,HU,201607,80,123
6903,HU,201608,80,76
6904,HU,201609,80,169
6905,HU,201610,80,171
6906,HU,201611,80,119
6907,HU,201612,80,83
6908,HU,201701,80,117
6909,HU,201702,80,96
6910,HU,201703,80,130
6911,HU,201704,80,125
6912,HU,201705,80,104
6913,HU,201706,80,99
6914,HU,201707,80,115
6915,HU,201708,80,57
6916,HU,201709,80,86
6917,HU,201710,80,109
6918,HU,201711,80,106
6919,HU,201712,80,56
6920,HU,201801,80,72
6921,HU,201802,80,93
6922,HU,201803,80,64
6923,HU,201804,80,119
6924,HU,201805,80,95
6925,HU,201806,80,100
6926,HU,201807,80,99
6927,HU,201808,80,52
6928,HU,201809,80,101
6929,HU,201810,80,86
6930,HU,201811,80,208
6931,HU,201812,80,86
6932,HU,201901,80,58
6933,HU,201902,80,94
6934,HU,201903,80,85
6935,HU,201904,80,59
6936,HU,201905,80,114
6937,HU,201906,80,68
6938,HU,201907,80,48
6939,HU,201908,80,101
6940,HU,201909,80,73
6941,HU,201910,80,135
6942,HU,201911,80,125
6943,HU,201912,80,68
6944,HU,202001,80,47
6945,HU,202002,80,73
6946,HU,202003,80,113
6947,HU,202004,80,84
6948,HU,202005,80,259
6949,HU,202006,80,130
6950,HU,202007,80,106
6951,HU,202008,80,63
6952,HU,202009,80,77
6953,HU,200803,81,1
6954,HU,200806,81,5
6955,HU,200807,81,2
6956,HU,200810,81,2
6957,HU,200811,81,1
6958,HU,200901,81,52
6959,HU,200902,81,7
6960,HU,200903,81,11
6961,HU,200904,81,7
6962,HU,200905,81,1
6963,HU,200906,81,1
6964,HU,200907,81,2
6965,HU,200908,81,1
6966,HU,200909,81,2
6967,HU,200910,81,3
6968,HU,200911,81,6
6969,HU,200912,81,11
6970,HU,201001,81,2
6971,HU,201002,81,4
6972,HU,201003,81,1
6973,HU,201005,81,5
6974,HU,201007,81,2
6975,HU,201009,81,2
6976,HU,201010,81,7
6977,HU,201011,81,2
6978,HU,201102,81,16
6979,HU,201103,81,6
6980,HU,201104,81,8
6981,HU,201105,81,14
6982,HU,201106,81,6
6983,HU,201107,81,40
6984,HU,201108,81,6
6985,HU,201109,81,21
6986,HU,201110,81,1
6987,HU,201111,81,4
6988,HU,201112,81,1
6989,HU,201201,81,1
6990,HU,201202,81,3
6991,HU,201203,81,2
6992,HU,201204,81,14
6993,HU,201205,81,4
6994,HU,201206,81,10
6995,HU,201207,81,19
6996,HU,201208,81,3
6997,HU,201209,81,13
6998,HU,201210,81,9
6999,HU,201211,81,5
7000,HU,201212,81,2
7001,HU,201301,81,4
7002,HU,201302,81,1
7003,HU,201303,81,7
7004,HU,201305,81,7
7005,HU,201306,81,2
7006,HU,201307,81,8
7007,HU,201308,81,13
7008,HU,201309,81,1
7009,HU,201310,81,6
7010,HU,201311,81,7
7011,HU,201312,81,3
7012,HU,201401,81,3
7013,HU,201402,81,3
7014,HU,201403,81,3
7015,HU,201404,81,2
7016,HU,201405,81,18
7017,HU,201406,81,6
7018,HU,201407,81,1
7019,HU,201408,81,2
7020,HU,201409,81,5
7021,HU,201411,81,10
7022,HU,201412,81,14
7023,HU,201501,81,2
7024,HU,201502,81,5
7025,HU,201503,81,5
7026,HU,201504,81,1
7027,HU,201505,81,8
7028,HU,201506,81,4
7029,HU,201507,81,13
7030,HU,201508,81,13
7031,HU,201509,81,36
7032,HU,201510,81,17
7033,HU,201511,81,6
7034,HU,201512,81,11
7035,HU,201601,81,58
7036,HU,201602,81,10
7037,HU,201603,81,10
7038,HU,201604,81,22
7039,HU,201605,81,9
7040,HU,201606,81,12
7041,HU,201607,81,7
7042,HU,201608,81,4
7043,HU,201609,81,6
7044,HU,201610,81,5
7045,HU,201611,81,5
7046,HU,201612,81,9
7047,HU,201701,81,4
7048,HU,201702,81,18
7049,HU,201703,81,15
7050,HU,201704,81,13
7051,HU,201705,81,4
7052,HU,201706,81,7
7053,HU,201707,81,6
7054,HU,201708,81,3
7055,HU,201709,81,12
7056,HU,201710,81,1
7057,HU,201711,81,6
7058,HU,201712,81,4
7059,HU,201801,81,6
7060,HU,201802,81,5
7061,HU,201803,81,11
7062,HU,201804,81,7
7063,HU,201805,81,3
7064,HU,201806,81,2
7065,HU,201808,81,2
7066,HU,201809,81,13
7067,HU,201810,81,20
7068,HU,201811,81,24
7069,HU,201812,81,19
7070,HU,201901,81,10
7071,HU,201902,81,18
7072,HU,201903,81,2
7073,HU,201904,81,13
7074,HU,201905,81,14
7075,HU,201906,81,10
7076,HU,201907,81,9
7077,HU,201908,81,10
7078,HU,201909,81,3
7079,HU,201910,81,5
7080,HU,201911,81,10
7081,HU,201912,81,6
7082,HU,202001,81,10
7083,HU,202002,81,3
7084,HU,202003,81,6
7085,HU,202004,81,4
7086,HU,202005,81,41
7087,HU,202006,81,45
7088,HU,202007,81,18
7089,HU,202009,81,5
7090,HU,200804,82,1
7091,HU,200806,82,1
7092,HU,200812,82,6
7093,HU,200901,82,8
7094,HU,200902,82,1
7095,HU,200904,82,2
7096,HU,200905,82,4
7097,HU,200906,82,7
7098,HU,200908,82,2
7099,HU,200909,82,2
7100,HU,200910,82,2
7101,HU,201001,82,5
7102,HU,201002,82,1
7103,HU,201101,82,1
7104,HU,201110,82,1
7105,HU,201403,82,3
7106,HU,201404,82,1
7107,HU,201409,82,2
7108,HU,201502,82,1
7109,HU,201510,82,2
7110,HU,201602,82,1
7111,HU,201606,82,3
7112,HU,201610,82,3
7113,HU,201611,82,1
7114,HU,201612,82,2
7115,HU,201701,82,1
7116,HU,201704,82,4
7117,HU,201706,82,1
7118,HU,201708,82,1
7119,HU,201709,82,7
7120,HU,201710,82,5
7121,HU,201802,82,2
7122,HU,201809,82,2
7123,HU,201810,82,5
7124,HU,201901,82,5
7125,HU,201902,82,1
7126,HU,201905,82,11
7127,HU,201907,82,2
7128,HU,201909,82,5
7129,HU,201910,82,1
7130,HU,202004,82,3
7131,HU,202005,82,1
7132,HU,202008,82,3
7133,HU,202009,82,1
7134,HU,200803,83,4
7135,HU,200806,83,3
7136,HU,200807,83,1
7137,HU,200808,83,2
7138,HU,200809,83,1
7139,HU,200810,83,18
7140,HU,200812,83,10
7141,HU,200901,83,9
7142,HU,200902,83,14
7143,HU,200903,83,143
7144,HU,200904,83,23
7145,HU,200905,83,6
7146,HU,200906,83,22
7147,HU,200907,83,20
7148,HU,200908,83,11
7149,HU,200909,83,13
7150,HU,200910,83,6
7151,HU,200911,83,19
7152,HU,200912,83,19
7153,HU,201001,83,9
7154,HU,201002,83,8
7155,HU,201003,83,6
7156,HU,201004,83,12
7157,HU,201005,83,3
7158,HU,201006,83,15
7159,HU,201007,83,8
7160,HU,201008,83,3
7161,HU,201009,83,9
7162,HU,201010,83,13
7163,HU,201011,83,17
7164,HU,201012,83,3
7165,HU,201101,83,28
7166,HU,201102,83,35
7167,HU,201103,83,39
7168,HU,201104,83,19
7169,HU,201105,83,13
7170,HU,201106,83,8
7171,HU,201107,83,10
7172,HU,201108,83,7
7173,HU,201109,83,8
7174,HU,201110,83,12
7175,HU,201111,83,20
7176,HU,201112,83,31
7177,HU,201201,83,21
7178,HU,201202,83,9
7179,HU,201203,83,12
7180,HU,201204,83,43
7181,HU,201205,83,27
7182,HU,201206,83,32
7183,HU,201207,83,23
7184,HU,201208,83,3
7185,HU,201209,83,25
7186,HU,201210,83,18
7187,HU,201211,83,12
7188,HU,201212,83,17
7189,HU,201301,83,6
7190,HU,201302,83,19
7191,HU,201303,83,55
7192,HU,201304,83,8
7193,HU,201305,83,8
7194,HU,201306,83,3
7195,HU,201308,83,4
7196,HU,201309,83,8
7197,HU,201310,83,2
7198,HU,201311,83,17
7199,HU,201312,83,2
7200,HU,201401,83,12
7201,HU,201402,83,14
7202,HU,201403,83,20
7203,HU,201404,83,18
7204,HU,201405,83,13
7205,HU,201406,83,19
7206,HU,201407,83,11
7207,HU,201408,83,4
7208,HU,201409,83,13
7209,HU,201410,83,11
7210,HU,201411,83,14
7211,HU,201412,83,10
7212,HU,201501,83,5
7213,HU,201502,83,17
7214,HU,201503,83,5
7215,HU,201504,83,4
7216,HU,201505,83,9
7217,HU,201506,83,7
7218,HU,201507,83,13
7219,HU,201508,83,3
7220,HU,201509,83,151
7221,HU,201510,83,18
7222,HU,201511,83,16
7223,HU,201512,83,8
7224,HU,201601,83,9
7225,HU,201602,83,13
7226,HU,201603,83,36
7227,HU,201604,83,11
7228,HU,201605,83,9
7229,HU,201606,83,37
7230,HU,201607,83,12
7231,HU,201608,83,13
7232,HU,201609,83,39
7233,HU,201610,83,43
7234,HU,201611,83,11
7235,HU,201612,83,22
7236,HU,201701,83,11
7237,HU,201702,83,17
7238,HU,201703,83,10
7239,HU,201704,83,23
7240,HU,201705,83,20
7241,HU,201706,83,18
7242,HU,201707,83,15
7243,HU,201708,83,9
7244,HU,201709,83,9
7245,HU,201710,83,32
7246,HU,201711,83,10
7247,HU,201712,83,14
7248,HU,201801,83,11
7249,HU,201802,83,27
7250,HU,201803,83,33
7251,HU,201804,83,77
7252,HU,201805,83,18
7253,HU,201806,83,63
7254,HU,201807,83,11
7255,HU,201808,83,12
7256,HU,201809,83,21
7257,HU,201810,83,27
7258,HU,201811,83,22
7259,HU,201812,83,13
7260,HU,201901,83,15
7261,HU,201902,83,6
7262,HU,201903,83,24
7263,HU,201904,83,11
7264,HU,201905,83,30
7265,HU,201906,83,8
7266,HU,201907,83,23
7267,HU,201908,83,11
7268,HU,201909,83,10
7269,HU,201910,83,31
7270,HU,201911,83,24
7271,HU,201912,83,19
7272,HU,202001,83,15
7273,HU,202002,83,10
7274,HU,202003,83,34
7275,HU,202004,83,37
7276,HU,202005,83,21
7277,HU,202006,83,10
7278,HU,202007,83,20
7279,HU,202008,83,12
7280,HU,202009,83,42
7281,HU,200803,84,1
7282,HU,200804,84,8
7283,HU,200805,84,13
7284,HU,200806,84,5
7285,HU,200807,84,2
7286,HU,200808,84,2
7287,HU,200809,84,2
7288,HU,200810,84,5
7289,HU,200811,84,6
7290,HU,200812,84,8
7291,HU,200901,84,20
7292,HU,200902,84,8
7293,HU,200903,84,12
7294,HU,200904,84,43
7295,HU,200905,84,29
7296,HU,200906,84,30
7297,HU,200907,84,28
7298,HU,200908,84,52
7299,HU,200909,84,35
7300,HU,200910,84,26
7301,HU,200911,84,27
7302,HU,200912,84,21
7303,HU,201001,84,25
7304,HU,201002,84,21
7305,HU,201003,84,7
7306,HU,201004,84,13
7307,HU,201005,84,10
7308,HU,201006,84,10
7309,HU,201007,84,35
7310,HU,201008,84,30
7311,HU,201009,84,27
7312,HU,201010,84,111
7313,HU,201011,84,20
7314,HU,201012,84,37
7315,HU,201101,84,163
7316,HU,201102,84,30
7317,HU,201103,84,63
7318,HU,201104,84,34
7319,HU,201105,84,58
7320,HU,201106,84,69
7321,HU,201107,84,70
7322,HU,201108,84,22
7323,HU,201109,84,30
7324,HU,201110,84,17
7325,HU,201111,84,33
7326,HU,201112,84,39
7327,HU,201201,84,87
7328,HU,201202,84,32
7329,HU,201203,84,32
7330,HU,201204,84,22
7331,HU,201205,84,47
7332,HU,201206,84,23
7333,HU,201207,84,65
7334,HU,201208,84,76
7335,HU,201209,84,167
7336,HU,201210,84,44
7337,HU,201211,84,33
7338,HU,201212,84,28
7339,HU,201301,84,12
7340,HU,201302,84,33
7341,HU,201303,84,49
7342,HU,201304,84,6
7343,HU,201305,84,14
7344,HU,201306,84,28
7345,HU,201307,84,38
7346,HU,201308,84,23
7347,HU,201309,84,51
7348,HU,201310,84,45
7349,HU,201311,84,39
7350,HU,201312,84,28
7351,HU,201401,84,28
7352,HU,201402,84,27
7353,HU,201403,84,53
7354,HU,201404,84,56
7355,HU,201405,84,45
7356,HU,201406,84,75
7357,HU,201407,84,45
7358,HU,201408,84,39
7359,HU,201409,84,52
7360,HU,201410,84,106
7361,HU,201411,84,63
7362,HU,201412,84,37
7363,HU,201501,84,83
7364,HU,201502,84,78
7365,HU,201503,84,47
7366,HU,201504,84,68
7367,HU,201505,84,62
7368,HU,201506,84,63
7369,HU,201507,84,79
7370,HU,201508,84,63
7371,HU,201509,84,355
7372,HU,201510,84,104
7373,HU,201511,84,101
7374,HU,201512,84,71
7375,HU,201601,84,89
7376,HU,201602,84,71
7377,HU,201603,84,70
7378,HU,201604,84,78
7379,HU,201605,84,82
7380,HU,201606,84,135
7381,HU,201607,84,79
7382,HU,201608,84,103
7383,HU,201609,84,116
7384,HU,201610,84,226
7385,HU,201611,84,114
7386,HU,201612,84,77
7387,HU,201701,84,63
7388,HU,201702,84,87
7389,HU,201703,84,123
7390,HU,201704,84,180
7391,HU,201705,84,72
7392,HU,201706,84,89
7393,HU,201707,84,82
7394,HU,201708,84,68
7395,HU,201709,84,58
7396,HU,201710,84,84
7397,HU,201711,84,63
7398,HU,201712,84,71
7399,HU,201801,84,80
7400,HU,201802,84,60
7401,HU,201803,84,94
7402,HU,201804,84,131
7403,HU,201805,84,74
7404,HU,201806,84,69
7405,HU,201807,84,110
7406,HU,201808,84,67
7407,HU,201809,84,153
7408,HU,201810,84,138
7409,HU,201811,84,153
7410,HU,201812,84,98
7411,HU,201901,84,112
7412,HU,201902,84,96
7413,HU,201903,84,103
7414,HU,201904,84,65
7415,HU,201905,84,127
7416,HU,201906,84,100
7417,HU,201907,84,105
7418,HU,201908,84,61
7419,HU,201909,84,69
7420,HU,201910,84,92
7421,HU,201911,84,82
7422,HU,201912,84,70
7423,HU,202001,84,41
7424,HU,202002,84,68
7425,HU,202003,84,82
7426,HU,202004,84,83
7427,HU,202005,84,89
7428,HU,202006,84,67
7429,HU,202007,84,76
7430,HU,202008,84,51
7431,HU,202009,84,73
7432,HU,200812,85,9
7433,HU,200910,85,2
7434,HU,200912,85,1
7435,HU,201001,85,2
7436,HU,201010,85,1
7437,HU,201202,85,1
7438,HU,201203,85,1
7439,HU,201204,85,1
7440,HU,201206,85,1
7441,HU,201402,85,1
7442,HU,201409,85,1
7443,HU,201412,85,1
7444,HU,201503,85,8
7445,HU,201504,85,8
7446,HU,201505,85,1
7447,HU,201510,85,8
7448,HU,201511,85,1
7449,HU,201602,85,1
7450,HU,201603,85,10
7451,HU,201604,85,2
7452,HU,201605,85,2
7453,HU,201606,85,1
7454,HU,201609,85,1
7455,HU,201612,85,2
7456,HU,201701,85,1
7457,HU,201702,85,15
7458,HU,201703,85,2
7459,HU,201705,85,5
7460,HU,201706,85,4
7461,HU,201707,85,1
7462,HU,201708,85,1
7463,HU,201803,85,1
7464,HU,201807,85,1
7465,HU,201809,85,2
7466,HU,201810,85,1
7467,HU,201811,85,3
7468,HU,201901,85,9
7469,HU,201902,85,1
7470,HU,201903,85,3
7471,HU,201905,85,3
7472,HU,201911,85,2
7473,HU,202001,85,2
7474,HU,202002,85,1
7475,HU,202003,85,1
7476,HU,202006,85,4
7477,HU,202008,85,3
7478,HU,200804,86,2
7479,HU,200807,86,2
7480,HU,200906,86,1
7481,HU,200912,86,2
7482,HU,201002,86,1
7483,HU,201008,86,1
7484,HU,201010,86,1
7485,HU,201011,86,5
7486,HU,201101,86,1
7487,HU,201102,86,3
7488,HU,201103,86,2
7489,HU,201105,86,2
7490,HU,201108,86,3
7491,HU,201206,86,1
7492,HU,201209,86,1
7493,HU,201211,86,1
7494,HU,201403,86,1
7495,HU,201405,86,1
7496,HU,201408,86,8
7497,HU,201409,86,17
7498,HU,201412,86,1
7499,HU,201501,86,2
7500,HU,201502,86,5
7501,HU,201503,86,8
7502,HU,201504,86,7
7503,HU,201505,86,2
7504,HU,201507,86,1
7505,HU,201508,86,14
7506,HU,201509,86,24
7507,HU,201510,86,14
7508,HU,201511,86,1
7509,HU,201512,86,1
7510,HU,201601,86,2
7511,HU,201602,86,2
7512,HU,201603,86,5
7513,HU,201605,86,2
7514,HU,201609,86,2
7515,HU,201611,86,9
7516,HU,201701,86,1
7517,HU,201703,86,1
7518,HU,201704,86,2
7519,HU,201706,86,1
7520,HU,201707,86,4
7521,HU,201708,86,4
7522,HU,201805,86,2
7523,HU,201806,86,2
7524,HU,201807,86,1
7525,HU,201809,86,2
7526,HU,201811,86,2
7527,HU,201812,86,1
7528,HU,201903,86,1
7529,HU,201904,86,2
7530,HU,201912,86,1
7531,HU,202001,86,5
7532,HU,202002,86,2
7533,HU,202003,86,1
7534,HU,202004,86,1
7535,HU,202005,86,2
7536,HU,200803,87,5
7537,HU,200804,87,3
7538,HU,200806,87,2
7539,HU,200807,87,2
7540,HU,200808,87,1
7541,HU,200809,87,7
7542,HU,200810,87,8
7543,HU,200811,87,2
7544,HU,200812,87,4
7545,HU,200901,87,3
7546,HU,200902,87,2
7547,HU,200903,87,19
7548,HU,200904,87,18
7549,HU,200905,87,5
7550,HU,200906,87,5
7551,HU,200907,87,4
7552,HU,200908,87,3
7553,HU,200909,87,6
7554,HU,200910,87,7
7555,HU,200911,87,10
7556,HU,200912,87,9
7557,HU,201001,87,9
7558,HU,201003,87,5
7559,HU,201004,87,7
7560,HU,201005,87,1
7561,HU,201006,87,1
7562,HU,201007,87,2
7563,HU,201008,87,10
7564,HU,201009,87,12
7565,HU,201010,87,15
7566,HU,201011,87,9
7567,HU,201012,87,6
7568,HU,201101,87,20
7569,HU,201102,87,4
7570,HU,201103,87,12
7571,HU,201104,87,5
7572,HU,201105,87,1
7573,HU,201106,87,8
7574,HU,201107,87,5
7575,HU,201108,87,5
7576,HU,201109,87,4
7577,HU,201110,87,4
7578,HU,201111,87,6
7579,HU,201112,87,8
7580,HU,201201,87,11
7581,HU,201202,87,8
7582,HU,201203,87,8
7583,HU,201204,87,18
7584,HU,201205,87,17
7585,HU,201206,87,7
7586,HU,201207,87,10
7587,HU,201208,87,28
7588,HU,201209,87,10
7589,HU,201210,87,4
7590,HU,201211,87,16
7591,HU,201212,87,12
7592,HU,201301,87,6
7593,HU,201302,87,1
7594,HU,201303,87,8
7595,HU,201304,87,3
7596,HU,201305,87,5
7597,HU,201306,87,3
7598,HU,201307,87,7
7599,HU,201308,87,10
7600,HU,201309,87,6
7601,HU,201310,87,10
7602,HU,201311,87,17
7603,HU,201312,87,13
7604,HU,201401,87,11
7605,HU,201402,87,22
7606,HU,201403,87,18
7607,HU,201404,87,19
7608,HU,201405,87,9
7609,HU,201406,87,8
7610,HU,201407,87,22
7611,HU,201408,87,18
7612,HU,201409,87,10
7613,HU,201410,87,39
7614,HU,201411,87,21
7615,HU,201412,87,12
7616,HU,201501,87,16
7617,HU,201502,87,35
7618,HU,201503,87,26
7619,HU,201504,87,18
7620,HU,201505,87,9
7621,HU,201506,87,13
7622,HU,201507,87,14
7623,HU,201508,87,35
7624,HU,201509,87,69
7625,HU,201510,87,19
7626,HU,201511,87,23
7627,HU,201512,87,9
7628,HU,201601,87,22
7629,HU,201602,87,14
7630,HU,201603,87,16
7631,HU,201604,87,17
7632,HU,201605,87,15
7633,HU,201606,87,25
7634,HU,201607,87,20
7635,HU,201608,87,17
7636,HU,201609,87,28
7637,HU,201610,87,47
7638,HU,201611,87,18
7639,HU,201612,87,13
7640,HU,201701,87,14
7641,HU,201702,87,44
7642,HU,201703,87,20
7643,HU,201704,87,19
7644,HU,201705,87,17
7645,HU,201706,87,22
7646,HU,201707,87,30
7647,HU,201708,87,14
7648,HU,201709,87,12
7649,HU,201710,87,19
7650,HU,201711,87,18
7651,HU,201712,87,21
7652,HU,201801,87,15
7653,HU,201802,87,21
7654,HU,201803,87,18
7655,HU,201804,87,25
7656,HU,201805,87,33
7657,HU,201806,87,14
7658,HU,201807,87,24
7659,HU,201808,87,9
7660,HU,201809,87,25
7661,HU,201810,87,53
7662,HU,201811,87,87
7663,HU,201812,87,44
7664,HU,201901,87,19
7665,HU,201902,87,14
7666,HU,201903,87,15
7667,HU,201904,87,17
7668,HU,201905,87,32
7669,HU,201906,87,14
7670,HU,201907,87,22
7671,HU,201908,87,14
7672,HU,201909,87,18
7673,HU,201910,87,25
7674,HU,201911,87,30
7675,HU,201912,87,16
7676,HU,202001,87,13
7677,HU,202002,87,19
7678,HU,202003,87,22
7679,HU,202004,87,10
7680,HU,202005,87,24
7681,HU,202006,87,15
7682,HU,202007,87,14
7683,HU,202008,87,6
7684,HU,202009,87,13
7685,HU,200803,90,6
7686,HU,200804,90,13
7687,HU,200805,90,17
7688,HU,200806,90,4
7689,HU,200807,90,8
7690,HU,200808,90,5
7691,HU,200809,90,15
7692,HU,200810,90,25
7693,HU,200811,90,16
7694,HU,200812,90,34
7695,HU,200901,90,56
7696,HU,200902,90,36
7697,HU,200903,90,52
7698,HU,200904,90,55
7699,HU,200905,90,51
7700,HU,200906,90,23
7701,HU,200907,90,45
7702,HU,200908,90,38
7703,HU,200909,90,31
7704,HU,200910,90,28
7705,HU,200911,90,39
7706,HU,200912,90,32
7707,HU,201001,90,35
7708,HU,201002,90,25
7709,HU,201003,90,10
7710,HU,201004,90,24
7711,HU,201005,90,26
7712,HU,201006,90,24
7713,HU,201007,90,68
7714,HU,201008,90,51
7715,HU,201009,90,29
7716,HU,201010,90,202
7717,HU,201011,90,32
7718,HU,201012,90,56
7719,HU,201101,90,154
7720,HU,201102,90,61
7721,HU,201103,90,61
7722,HU,201104,90,34
7723,HU,201105,90,64
7724,HU,201106,90,39
7725,HU,201107,90,68
7726,HU,201108,90,46
7727,HU,201109,90,41
7728,HU,201110,90,33
7729,HU,201111,90,34
7730,HU,201112,90,29
7731,HU,201201,90,104
7732,HU,201202,90,70
7733,HU,201203,90,28
7734,HU,201204,90,55
7735,HU,201205,90,55
7736,HU,201206,90,52
7737,HU,201207,90,91
7738,HU,201208,90,28
7739,HU,201209,90,21
7740,HU,201210,90,28
7741,HU,201211,90,16
7742,HU,201212,90,24
7743,HU,201301,90,22
7744,HU,201302,90,57
7745,HU,201303,90,42
7746,HU,201304,90,15
7747,HU,201305,90,16
7748,HU,201306,90,40
7749,HU,201307,90,56
7750,HU,201308,90,43
7751,HU,201309,90,32
7752,HU,201310,90,70
7753,HU,201311,90,59
7754,HU,201312,90,29
7755,HU,201401,90,43
7756,HU,201402,90,62
7757,HU,201403,90,68
7758,HU,201404,90,47
7759,HU,201405,90,67
7760,HU,201406,90,56
7761,HU,201407,90,79
7762,HU,201408,90,50
7763,HU,201409,90,41
7764,HU,201410,90,83
7765,HU,201411,90,43
7766,HU,201412,90,103
7767,HU,201501,90,30
7768,HU,201502,90,94
7769,HU,201503,90,135
7770,HU,201504,90,114
7771,HU,201505,90,87
7772,HU,201506,90,74
7773,HU,201507,90,87
7774,HU,201508,90,206
7775,HU,201509,90,512
7776,HU,201510,90,166
7777,HU,201511,90,121
7778,HU,201512,90,170
7779,HU,201601,90,110
7780,HU,201602,90,78
7781,HU,201603,90,91
7782,HU,201604,90,98
7783,HU,201605,90,113
7784,HU,201606,90,114
7785,HU,201607,90,84
7786,HU,201608,90,86
7787,HU,201609,90,125
7788,HU,201610,90,138
7789,HU,201611,90,88
7790,HU,201612,90,113
7791,HU,201701,90,95
7792,HU,201702,90,117
7793,HU,201703,90,101
7794,HU,201704,90,137
7795,HU,201705,90,115
7796,HU,201706,90,71
7797,HU,201707,90,100
7798,HU,201708,90,59
7799,HU,201709,90,38
7800,HU,201710,90,100
7801,HU,201711,90,92
7802,HU,201712,90,125
7803,HU,201801,90,70
7804,HU,201802,90,85
7805,HU,201803,90,111
7806,HU,201804,90,97
7807,HU,201805,90,101
7808,HU,201806,90,65
7809,HU,201807,90,86
7810,HU,201808,90,86
7811,HU,201809,90,63
7812,HU,201810,90,90
7813,HU,201811,90,119
7814,HU,201812,90,42
7815,HU,201901,90,85
7816,HU,201902,90,100
7817,HU,201903,90,92
7818,HU,201904,90,89
7819,HU,201905,90,203
7820,HU,201906,90,210
7821,HU,201907,90,90
7822,HU,201908,90,68
7823,HU,201909,90,81
7824,HU,201910,90,59
7825,HU,201911,90,60
7826,HU,201912,90,61
7827,HU,202001,90,39
7828,HU,202002,90,65
7829,HU,202003,90,78
7830,HU,202004,90,67
7831,HU,202005,90,57
7832,HU,202006,90,50
7833,HU,202007,90,62
7834,HU,202008,90,46
7835,HU,202009,90,61
7836,HU,200809,91,2
7837,HU,200903,91,2
7838,HU,200905,91,1
7839,HU,200906,91,1
7840,HU,200908,91,2
7841,HU,200912,91,5
7842,HU,201001,91,1
7843,HU,201007,91,1
7844,HU,201010,91,1
7845,HU,201104,91,1
7846,HU,201105,91,3
7847,HU,201107,91,2
7848,HU,201108,91,4
7849,HU,201111,91,3
7850,HU,201203,91,1
7851,HU,201204,91,2
7852,HU,201205,91,2
7853,HU,201206,91,1
7854,HU,201207,91,3
7855,HU,201208,91,2
7856,HU,201212,91,2
7857,HU,201307,91,1
7858,HU,201312,91,1
7859,HU,201401,91,1
7860,HU,201402,91,1
7861,HU,201405,91,4
7862,HU,201409,91,2
7863,HU,201410,91,2
7864,HU,201411,91,1
7865,HU,201412,91,5
7866,HU,201501,91,4
7867,HU,201503,91,1
7868,HU,201504,91,11
7869,HU,201505,91,2
7870,HU,201507,91,2
7871,HU,201508,91,2
7872,HU,201509,91,11
7873,HU,201510,91,4
7874,HU,201511,91,2
7875,HU,201602,91,1
7876,HU,201603,91,1
7877,HU,201604,91,2
7878,HU,201605,91,2
7879,HU,201606,91,2
7880,HU,201607,91,3
7881,HU,201608,91,1
7882,HU,201609,91,3
7883,HU,201610,91,6
7884,HU,201701,91,1
7885,HU,201702,91,3
7886,HU,201703,91,1
7887,HU,201704,91,2
7888,HU,201706,91,1
7889,HU,201708,91,1
7890,HU,201710,91,3
7891,HU,201801,91,2
7892,HU,201802,91,7
7893,HU,201803,91,2
7894,HU,201804,91,3
7895,HU,201805,91,3
7896,HU,201808,91,1
7897,HU,201809,91,4
7898,HU,201810,91,1
7899,HU,201811,91,1
7900,HU,201902,91,5
7901,HU,201903,91,4
7902,HU,201905,91,2
7903,HU,201908,91,2
7904,HU,201909,91,3
7905,HU,201910,91,6
7906,HU,202005,91,3
7907,HU,202007,91,4
7908,HU,201005,92,2
7909,HU,201011,92,2
7910,HU,201104,92,2
7911,HU,201201,92,1
7912,HU,201402,92,3
7913,HU,201502,92,5
7914,HU,201503,92,1
7915,HU,201508,92,2
7916,HU,201509,92,4
7917,HU,201510,92,2
7918,HU,201601,92,4
7919,HU,201602,92,2
7920,HU,201606,92,2
7921,HU,201610,92,1
7922,HU,201709,92,1
7923,HU,201710,92,1
7924,HU,201802,92,1
7925,HU,201803,92,1
7926,HU,201810,92,2
7927,HU,201811,92,1
7928,HU,202001,92,1
7929,HU,202005,92,1
7930,HU,202006,92,3
7931,HU,202008,92,1
7932,HU,200811,93,2
7933,HU,201011,93,1
7934,HU,201412,93,1
7935,HU,201507,93,1
7936,HU,201511,93,1
7937,HU,201601,93,1
7938,HU,201610,93,1
7939,HU,201705,93,1
7940,HU,201803,93,1
7941,HU,201809,93,2
7942,HU,201907,93,2
7943,HU,201207,94,1
7944,HU,201308,94,2
7945,HU,201310,94,1
7946,HU,201403,94,1
7947,HU,201405,94,1
7948,HU,201504,94,2
7949,HU,201505,94,2
7950,HU,201602,94,2
7951,HU,201711,94,3
7952,HU,200803,100,10
7953,HU,200804,100,5
7954,HU,200805,100,6
7955,HU,200806,100,6
7956,HU,200807,100,4
7957,HU,200808,100,16
7958,HU,200809,100,24
7959,HU,200810,100,7
7960,HU,200811,100,10
7961,HU,200812,100,17
7962,HU,200901,100,35
7963,HU,200902,100,18
7964,HU,200903,100,61
7965,HU,200904,100,35
7966,HU,200905,100,21
7967,HU,200906,100,35
7968,HU,200907,100,23
7969,HU,200908,100,21
7970,HU,200909,100,19
7971,HU,200910,100,46
7972,HU,200911,100,33
7973,HU,200912,100,33
7974,HU,201001,100,12
7975,HU,201002,100,35
7976,HU,201003,100,20
7977,HU,201004,100,15
7978,HU,201005,100,15
7979,HU,201006,100,20
7980,HU,201007,100,21
7981,HU,201008,100,22
7982,HU,201009,100,36
7983,HU,201010,100,81
7984,HU,201011,100,47
7985,HU,201012,100,61
7986,HU,201101,100,63
7987,HU,201102,100,37
7988,HU,201103,100,79
7989,HU,201104,100,40
7990,HU,201105,100,45
7991,HU,201106,100,38
7992,HU,201107,100,29
7993,HU,201108,100,25
7994,HU,201109,100,34
7995,HU,201110,100,26
7996,HU,201111,100,34
7997,HU,201112,100,35
7998,HU,201201,100,76
7999,HU,201202,100,58
8000,HU,201203,100,41
8001,HU,201204,100,61
8002,HU,201205,100,28
8003,HU,201206,100,25
8004,HU,201207,100,47
8005,HU,201208,100,32
8006,HU,201209,100,69
8007,HU,201210,100,46
8008,HU,201211,100,36
8009,HU,201212,100,39
8010,HU,201301,100,23
8011,HU,201302,100,18
8012,HU,201303,100,88
8013,HU,201304,100,7
8014,HU,201305,100,7
8015,HU,201306,100,16
8016,HU,201307,100,33
8017,HU,201308,100,41
8018,HU,201309,100,40
8019,HU,201310,100,66
8020,HU,201311,100,37
8021,HU,201312,100,34
8022,HU,201401,100,39
8023,HU,201402,100,37
8024,HU,201403,100,73
8025,HU,201404,100,56
8026,HU,201405,100,30
8027,HU,201406,100,45
8028,HU,201407,100,47
8029,HU,201408,100,42
8030,HU,201409,100,51
8031,HU,201410,100,73
8032,HU,201411,100,97
8033,HU,201412,100,39
8034,HU,201501,100,69
8035,HU,201502,100,100
8036,HU,201503,100,56
8037,HU,201504,100,51
8038,HU,201505,100,83
8039,HU,201506,100,98
8040,HU,201507,100,81
8041,HU,201508,100,134
8042,HU,201509,100,649
8043,HU,201510,100,120
8044,HU,201511,100,62
8045,HU,201512,100,59
8046,HU,201601,100,87
8047,HU,201602,100,92
8048,HU,201603,100,91
8049,HU,201604,100,101
8050,HU,201605,100,67
8051,HU,201606,100,73
8052,HU,201607,100,96
8053,HU,201608,100,125
8054,HU,201609,100,165
8055,HU,201610,100,140
8056,HU,201611,100,128
8057,HU,201612,100,87
8058,HU,201701,100,86
8059,HU,201702,100,112
8060,HU,201703,100,126
8061,HU,201704,100,180
8062,HU,201705,100,95
8063,HU,201706,100,64
8064,HU,201707,100,107
8065,HU,201708,100,47
8066,HU,201709,100,84
8067,HU,201710,100,77
8068,HU,201711,100,70
8069,HU,201712,100,35
8070,HU,201801,100,97
8071,HU,201802,100,79
8072,HU,201803,100,69
8073,HU,201804,100,89
8074,HU,201805,100,106
8075,HU,201806,100,104
8076,HU,201807,100,46
8077,HU,201808,100,41
8078,HU,201809,100,121
8079,HU,201810,100,119
8080,HU,201811,100,118
8081,HU,201812,100,92
8082,HU,201901,100,51
8083,HU,201902,100,70
8084,HU,201903,100,122
8085,HU,201904,100,59
8086,HU,201905,100,87
8087,HU,201906,100,68
8088,HU,201907,100,36
8089,HU,201908,100,52
8090,HU,201909,100,49
8091,HU,201910,100,58
8092,HU,201911,100,62
8093,HU,201912,100,43
8094,HU,202001,100,47
8095,HU,202002,100,45
8096,HU,202003,100,128
8097,HU,202004,100,245
8098,HU,202005,100,136
8099,HU,202006,100,74
8100,HU,202007,100,48
8101,HU,202008,100,35
8102,HU,202009,100,78
8103,HU,200803,101,3
8104,HU,200807,101,5
8105,HU,200808,101,2
8106,HU,200809,101,1
8107,HU,200901,101,8
8108,HU,200902,101,1
8109,HU,200904,101,6
8110,HU,200906,101,2
8111,HU,200907,101,4
8112,HU,200908,101,4
8113,HU,200909,101,1
8114,HU,200911,101,1
8115,HU,200912,101,2
8116,HU,201001,101,1
8117,HU,201002,101,1
8118,HU,201003,101,1
8119,HU,201005,101,1
8120,HU,201007,101,4
8121,HU,201010,101,13
8122,HU,201101,101,7
8123,HU,201102,101,4
8124,HU,201105,101,2
8125,HU,201107,101,2
8126,HU,201108,101,2
8127,HU,201109,101,4
8128,HU,201110,101,3
8129,HU,201112,101,1
8130,HU,201201,101,3
8131,HU,201202,101,3
8132,HU,201203,101,1
8133,HU,201205,101,11
8134,HU,201206,101,3
8135,HU,201207,101,8
8136,HU,201208,101,4
8137,HU,201209,101,5
8138,HU,201210,101,4
8139,HU,201211,101,1
8140,HU,201212,101,3
8141,HU,201301,101,1
8142,HU,201302,101,1
8143,HU,201303,101,3
8144,HU,201305,101,1
8145,HU,201306,101,1
8146,HU,201308,101,9
8147,HU,201309,101,1
8148,HU,201310,101,3
8149,HU,201311,101,3
8150,HU,201312,101,1
8151,HU,201401,101,1
8152,HU,201402,101,1
8153,HU,201403,101,2
8154,HU,201406,101,2
8155,HU,201407,101,2
8156,HU,201408,101,3
8157,HU,201409,101,3
8158,HU,201410,101,7
8159,HU,201411,101,7
8160,HU,201412,101,7
8161,HU,201502,101,3
8162,HU,201503,101,7
8163,HU,201504,101,6
8164,HU,201505,101,3
8165,HU,201506,101,5
8166,HU,201507,101,4
8167,HU,201508,101,10
8168,HU,201509,101,15
8169,HU,201510,101,3
8170,HU,201511,101,5
8171,HU,201512,101,4
8172,HU,201601,101,3
8173,HU,201602,101,2
8174,HU,201603,101,6
8175,HU,201604,101,4
8176,HU,201606,101,10
8177,HU,201607,101,3
8178,HU,201608,101,6
8179,HU,201609,101,1
8180,HU,201610,101,4
8181,HU,201611,101,6
8182,HU,201612,101,6
8183,HU,201701,101,3
8184,HU,201703,101,2
8185,HU,201704,101,4
8186,HU,201705,101,2
8187,HU,201706,101,5
8188,HU,201708,101,2
8189,HU,201709,101,3
8190,HU,201710,101,8
8191,HU,201711,101,5
8192,HU,201801,101,3
8193,HU,201802,101,8
8194,HU,201803,101,8
8195,HU,201804,101,7
8196,HU,201805,101,1
8197,HU,201806,101,3
8198,HU,201807,101,4
8199,HU,201808,101,6
8200,HU,201809,101,1
8201,HU,201810,101,2
8202,HU,201811,101,29
8203,HU,201812,101,14
8204,HU,201901,101,2
8205,HU,201902,101,1
8206,HU,201903,101,4
8207,HU,201904,101,4
8208,HU,201905,101,3
8209,HU,201906,101,2
8210,HU,201907,101,5
8211,HU,201908,101,1
8212,HU,201909,101,3
8213,HU,201912,101,1
8214,HU,202002,101,6
8215,HU,202004,101,6
8216,HU,202007,101,1
8217,HU,202008,101,2
8218,HU,202009,101,2
8219,HU,201102,102,1
8220,HU,201407,102,2
8221,HU,201601,102,3
8222,HU,201902,102,1
8223,HU,201910,102,1
8224,HU,202003,102,3
8225,HU,202008,102,1
8226,HU,200809,103,1
8227,HU,200905,103,1
8228,HU,201011,103,4
8229,HU,201105,103,4
8230,HU,201207,103,1
8231,HU,201208,103,1
8232,HU,201404,103,1
8233,HU,201505,103,1
8234,HU,200803,104,11
8235,HU,200804,104,7
8236,HU,200805,104,2
8237,HU,200807,104,4
8238,HU,200809,104,1
8239,HU,200811,104,1
8240,HU,200812,104,14
8241,HU,200901,104,6
8242,HU,200903,104,6
8243,HU,200904,104,11
8244,HU,200906,104,9
8245,HU,200909,104,1
8246,HU,200911,104,1
8247,HU,200912,104,1
8248,HU,201002,104,4
8249,HU,201003,104,1
8250,HU,201007,104,1
8251,HU,201008,104,5
8252,HU,201009,104,1
8253,HU,201010,104,3
8254,HU,201011,104,1
8255,HU,201101,104,3
8256,HU,201103,104,3
8257,HU,201104,104,10
8258,HU,201105,104,6
8259,HU,201107,104,5
8260,HU,201109,104,3
8261,HU,201110,104,1
8262,HU,201112,104,3
8263,HU,201201,104,11
8264,HU,201202,104,2
8265,HU,201203,104,5
8266,HU,201204,104,18
8267,HU,201205,104,5
8268,HU,201206,104,2
8269,HU,201207,104,13
8270,HU,201208,104,4
8271,HU,201209,104,5
8272,HU,201211,104,1
8273,HU,201212,104,1
8274,HU,201301,104,1
8275,HU,201302,104,4
8276,HU,201303,104,7
8277,HU,201306,104,3
8278,HU,201307,104,5
8279,HU,201308,104,1
8280,HU,201309,104,1
8281,HU,201310,104,19
8282,HU,201311,104,4
8283,HU,201312,104,2
8284,HU,201402,104,4
8285,HU,201403,104,23
8286,HU,201404,104,2
8287,HU,201405,104,23
8288,HU,201407,104,10
8289,HU,201408,104,1
8290,HU,201409,104,5
8291,HU,201410,104,7
8292,HU,201411,104,9
8293,HU,201412,104,1
8294,HU,201502,104,14
8295,HU,201503,104,9
8296,HU,201504,104,3
8297,HU,201505,104,12
8298,HU,201506,104,9
8299,HU,201507,104,3
8300,HU,201508,104,2
8301,HU,201509,104,9
8302,HU,201510,104,5
8303,HU,201511,104,7
8304,HU,201512,104,2
8305,HU,201601,104,1
8306,HU,201602,104,3
8307,HU,201603,104,4
8308,HU,201604,104,1
8309,HU,201605,104,2
8310,HU,201606,104,1
8311,HU,201607,104,3
8312,HU,201608,104,6
8313,HU,201609,104,11
8314,HU,201610,104,18
8315,HU,201611,104,7
8316,HU,201612,104,3
8317,HU,201701,104,9
8318,HU,201703,104,18
8319,HU,201704,104,4
8320,HU,201705,104,3
8321,HU,201707,104,6
8322,HU,201708,104,1
8323,HU,201709,104,17
8324,HU,201710,104,8
8325,HU,201711,104,1
8326,HU,201712,104,2
8327,HU,201801,104,18
8328,HU,201802,104,13
8329,HU,201803,104,30
8330,HU,201804,104,16
8331,HU,201805,104,4
8332,HU,201806,104,5
8333,HU,201807,104,3
8334,HU,201808,104,1
8335,HU,201809,104,9
8336,HU,201810,104,11
8337,HU,201811,104,6
8338,HU,201812,104,27
8339,HU,201901,104,17
8340,HU,201902,104,18
8341,HU,201903,104,4
8342,HU,201904,104,5
8343,HU,201905,104,4
8344,HU,201906,104,5
8345,HU,201907,104,3
8346,HU,201909,104,3
8347,HU,201910,104,2
8348,HU,201911,104,8
8349,HU,201912,104,1
8350,HU,202001,104,4
8351,HU,202002,104,1
8352,HU,202003,104,4
8353,HU,202004,104,2
8354,HU,202005,104,3
8355,HU,202006,104,3
8356,HU,202007,104,3
8357,HU,202008,104,2
8358,HU,202009,104,12
8359,HU,200809,105,1
8360,HU,200810,105,1
8361,HU,200909,105,1
8362,HU,201008,105,1
8363,HU,201010,105,3
8364,HU,201101,105,9
8365,HU,201106,105,2
8366,HU,201107,105,2
8367,HU,201109,105,2
8368,HU,201111,105,3
8369,HU,201112,105,2
8370,HU,201201,105,4
8371,HU,201202,105,2
8372,HU,201207,105,1
8373,HU,201210,105,2
8374,HU,201211,105,1
8375,HU,201301,105,1
8376,HU,201303,105,3
8377,HU,201306,105,2
8378,HU,201307,105,7
8379,HU,201308,105,1
8380,HU,201312,105,4
8381,HU,201401,105,3
8382,HU,201404,105,1
8383,HU,201410,105,11
8384,HU,201411,105,8
8385,HU,201412,105,4
8386,HU,201502,105,1
8387,HU,201503,105,2
8388,HU,201504,105,2
8389,HU,201507,105,1
8390,HU,201601,105,5
8391,HU,201603,105,3
8392,HU,201604,105,4
8393,HU,201605,105,13
8394,HU,201606,105,1
8395,HU,201607,105,2
8396,HU,201608,105,1
8397,HU,201610,105,10
8398,HU,201611,105,5
8399,HU,201612,105,7
8400,HU,201701,105,4
8401,HU,201702,105,1
8402,HU,201703,105,9
8403,HU,201704,105,8
8404,HU,201705,105,3
8405,HU,201706,105,3
8406,HU,201710,105,1
8407,HU,201711,105,2
8408,HU,201712,105,1
8409,HU,201801,105,1
8410,HU,201803,105,1
8411,HU,201804,105,3
8412,HU,201807,105,1
8413,HU,201808,105,2
8414,HU,201810,105,2
8415,HU,201811,105,2
8416,HU,201812,105,8
8417,HU,201901,105,1
8418,HU,201903,105,1
8419,HU,201904,105,1
8420,HU,201906,105,1
8421,HU,201910,105,7
8422,HU,202002,105,1
8423,HU,202003,105,1
8424,HU,202004,105,6
8425,HU,200903,106,1
8426,HU,201007,106,1
8427,HU,201009,106,1
8428,HU,201203,106,2
8429,HU,201209,106,4
8430,HU,201302,106,2
8431,HU,201312,106,2
8432,HU,201410,106,1
8433,HU,201411,106,5
8434,HU,201509,106,3
8435,HU,201610,106,2
8436,HU,201705,106,2
8437,HU,201706,106,4
8438,HU,201707,106,1
8439,HU,201712,106,2
8440,HU,201811,106,1
8441,HU,201905,106,3
8442,HU,201511,107,2
8443,HU,200803,110,25
8444,HU,200804,110,12
8445,HU,200805,110,8
8446,HU,200806,110,11
8447,HU,200807,110,11
8448,HU,200808,110,17
8449,HU,200809,110,21
8450,HU,200810,110,26
8451,HU,200811,110,5
8452,HU,200812,110,24
8453,HU,200901,110,60
8454,HU,200902,110,38
8455,HU,200903,110,88
8456,HU,200904,110,54
8457,HU,200905,110,58
8458,HU,200906,110,26
8459,HU,200907,110,55
8460,HU,200908,110,44
8461,HU,200909,110,55
8462,HU,200910,110,66
8463,HU,200911,110,29
8464,HU,200912,110,44
8465,HU,201001,110,34
8466,HU,201002,110,17
8467,HU,201003,110,14
8468,HU,201004,110,16
8469,HU,201005,110,21
8470,HU,201006,110,30
8471,HU,201007,110,24
8472,HU,201008,110,57
8473,HU,201009,110,33
8474,HU,201010,110,60
8475,HU,201011,110,27
8476,HU,201012,110,67
8477,HU,201101,110,76
8478,HU,201102,110,41
8479,HU,201103,110,51
8480,HU,201104,110,82
8481,HU,201105,110,54
8482,HU,201106,110,73
8483,HU,201107,110,39
8484,HU,201108,110,28
8485,HU,201109,110,48
8486,HU,201110,110,49
8487,HU,201111,110,51
8488,HU,201112,110,68
8489,HU,201201,110,93
8490,HU,201202,110,64
8491,HU,201203,110,61
8492,HU,201204,110,50
8493,HU,201205,110,54
8494,HU,201206,110,52
8495,HU,201207,110,71
8496,HU,201208,110,53
8497,HU,201209,110,101
8498,HU,201210,110,45
8499,HU,201211,110,28
8500,HU,201212,110,17
8501,HU,201301,110,37
8502,HU,201302,110,33
8503,HU,201303,110,59
8504,HU,201304,110,24
8505,HU,201305,110,13
8506,HU,201306,110,38
8507,HU,201307,110,51
8508,HU,201308,110,46
8509,HU,201309,110,49
8510,HU,201310,110,41
8511,HU,201311,110,37
8512,HU,201312,110,72
8513,HU,201401,110,38
8514,HU,201402,110,81
8515,HU,201403,110,82
8516,HU,201404,110,99
8517,HU,201405,110,110
8518,HU,201406,110,116
8519,HU,201407,110,85
8520,HU,201408,110,66
8521,HU,201409,110,55
8522,HU,201410,110,122
8523,HU,201411,110,122
8524,HU,201412,110,95
8525,HU,201501,110,82
8526,HU,201502,110,142
8527,HU,201503,110,95
8528,HU,201504,110,72
8529,HU,201505,110,109
8530,HU,201506,110,134
8531,HU,201507,110,99
8532,HU,201508,110,97
8533,HU,201509,110,754
8534,HU,201510,110,142
8535,HU,201511,110,198
8536,HU,201512,110,224
8537,HU,201601,110,110
8538,HU,201602,110,197
8539,HU,201603,110,106
8540,HU,201604,110,114
8541,HU,201605,110,149
8542,HU,201606,110,146
8543,HU,201607,110,142
8544,HU,201608,110,92
8545,HU,201609,110,282
8546,HU,201610,110,341
8547,HU,201611,110,156
8548,HU,201612,110,122
8549,HU,201701,110,96
8550,HU,201702,110,176
8551,HU,201703,110,163
8552,HU,201704,110,194
8553,HU,201705,110,117
8554,HU,201706,110,128
8555,HU,201707,110,300
8556,HU,201708,110,60
8557,HU,201709,110,363
8558,HU,201710,110,182
8559,HU,201711,110,135
8560,HU,201712,110,136
8561,HU,201801,110,151
8562,HU,201802,110,150
8563,HU,201803,110,131
8564,HU,201804,110,258
8565,HU,201805,110,153
8566,HU,201806,110,140
8567,HU,201807,110,159
8568,HU,201808,110,88
8569,HU,201809,110,329
8570,HU,201810,110,130
8571,HU,201811,110,158
8572,HU,201812,110,180
8573,HU,201901,110,123
8574,HU,201902,110,212
8575,HU,201903,110,194
8576,HU,201904,110,135
8577,HU,201905,110,215
8578,HU,201906,110,138
8579,HU,201907,110,101
8580,HU,201908,110,117
8581,HU,201909,110,95
8582,HU,201910,110,112
8583,HU,201911,110,99
8584,HU,201912,110,85
8585,HU,202001,110,103
8586,HU,202002,110,73
8587,HU,202003,110,98
8588,HU,202004,110,77
8589,HU,202005,110,119
8590,HU,202006,110,76
8591,HU,202007,110,81
8592,HU,202008,110,58
8593,HU,202009,110,64
8594,HU,200803,111,24
8595,HU,200804,111,12
8596,HU,200805,111,24
8597,HU,200806,111,32
8598,HU,200807,111,20
8599,HU,200808,111,5
8600,HU,200809,111,20
8601,HU,200810,111,18
8602,HU,200811,111,19
8603,HU,200812,111,19
8604,HU,200901,111,41
8605,HU,200902,111,21
8606,HU,200903,111,49
8607,HU,200904,111,48
8608,HU,200905,111,39
8609,HU,200906,111,33
8610,HU,200907,111,22
8611,HU,200908,111,59
8612,HU,200909,111,52
8613,HU,200910,111,29
8614,HU,200911,111,28
8615,HU,200912,111,27
8616,HU,201001,111,23
8617,HU,201002,111,36
8618,HU,201003,111,17
8619,HU,201004,111,10
8620,HU,201005,111,26
8621,HU,201006,111,16
8622,HU,201007,111,26
8623,HU,201008,111,39
8624,HU,201009,111,26
8625,HU,201010,111,47
8626,HU,201011,111,40
8627,HU,201012,111,84
8628,HU,201101,111,199
8629,HU,201102,111,85
8630,HU,201103,111,84
8631,HU,201104,111,75
8632,HU,201105,111,53
8633,HU,201106,111,44
8634,HU,201107,111,66
8635,HU,201108,111,44
8636,HU,201109,111,27
8637,HU,201110,111,34
8638,HU,201111,111,50
8639,HU,201112,111,28
8640,HU,201201,111,189
8641,HU,201202,111,68
8642,HU,201203,111,100
8643,HU,201204,111,101
8644,HU,201205,111,60
8645,HU,201206,111,70
8646,HU,201207,111,82
8647,HU,201208,111,55
8648,HU,201209,111,198
8649,HU,201210,111,69
8650,HU,201211,111,90
8651,HU,201212,111,72
8652,HU,201301,111,63
8653,HU,201302,111,27
8654,HU,201303,111,103
8655,HU,201304,111,17
8656,HU,201305,111,53
8657,HU,201306,111,69
8658,HU,201307,111,73
8659,HU,201308,111,62
8660,HU,201309,111,73
8661,HU,201310,111,66
8662,HU,201311,111,95
8663,HU,201312,111,48
8664,HU,201401,111,46
8665,HU,201402,111,50
8666,HU,201403,111,137
8667,HU,201404,111,66
8668,HU,201405,111,77
8669,HU,201406,111,73
8670,HU,201407,111,95
8671,HU,201408,111,107
8672,HU,201409,111,112
8673,HU,201410,111,147
8674,HU,201411,111,84
8675,HU,201412,111,141
8676,HU,201501,111,93
8677,HU,201502,111,134
8678,HU,201503,111,105
8679,HU,201504,111,126
8680,HU,201505,111,239
8681,HU,201506,111,210
8682,HU,201507,111,164
8683,HU,201508,111,171
8684,HU,201509,111,1306
8685,HU,201510,111,302
8686,HU,201511,111,215
8687,HU,201512,111,183
8688,HU,201601,111,161
8689,HU,201602,111,207
8690,HU,201603,111,147
8691,HU,201604,111,112
8692,HU,201605,111,203
8693,HU,201606,111,129
8694,HU,201607,111,164
8695,HU,201608,111,135
8696,HU,201609,111,283
8697,HU,201610,111,267
8698,HU,201611,111,135
8699,HU,201612,111,128
8700,HU,201701,111,136
8701,HU,201702,111,207
8702,HU,201703,111,316
8703,HU,201704,111,318
8704,HU,201705,111,206
8705,HU,201706,111,204
8706,HU,201707,111,346
8707,HU,201708,111,148
8708,HU,201709,111,190
8709,HU,201710,111,158
8710,HU,201711,111,167
8711,HU,201712,111,193
8712,HU,201801,111,184
8713,HU,201802,111,187
8714,HU,201803,111,169
8715,HU,201804,111,225
8716,HU,201805,111,211
8717,HU,201806,111,210
8718,HU,201807,111,234
8719,HU,201808,111,100
8720,HU,201809,111,470
8721,HU,201810,111,326
8722,HU,201811,111,229
8723,HU,201812,111,230
8724,HU,201901,111,110
8725,HU,201902,111,230
8726,HU,201903,111,198
8727,HU,201904,111,131
8728,HU,201905,111,221
8729,HU,201906,111,102
8730,HU,201907,111,119
8731,HU,201908,111,77
8732,HU,201909,111,76
8733,HU,201910,111,136
8734,HU,201911,111,113
8735,HU,201912,111,123
8736,HU,202001,111,85
8737,HU,202002,111,116
8738,HU,202003,111,121
8739,HU,202004,111,169
8740,HU,202005,111,127
8741,HU,202006,111,85
8742,HU,202007,111,75
8743,HU,202008,111,80
8744,HU,202009,111,112
8745,HU,200803,112,3
8746,HU,200804,112,27
8747,HU,200805,112,15
8748,HU,200806,112,5
8749,HU,200807,112,18
8750,HU,200808,112,23
8751,HU,200809,112,28
8752,HU,200810,112,35
8753,HU,200811,112,13
8754,HU,200812,112,14
8755,HU,200901,112,93
8756,HU,200902,112,56
8757,HU,200903,112,76
8758,HU,200904,112,67
8759,HU,200905,112,64
8760,HU,200906,112,35
8761,HU,200907,112,34
8762,HU,200908,112,45
8763,HU,200909,112,34
8764,HU,200910,112,56
8765,HU,200911,112,50
8766,HU,200912,112,32
8767,HU,201001,112,38
8768,HU,201002,112,36
8769,HU,201003,112,9
8770,HU,201004,112,34
8771,HU,201005,112,10
8772,HU,201006,112,13
8773,HU,201007,112,32
8774,HU,201008,112,32
8775,HU,201009,112,33
8776,HU,201010,112,157
8777,HU,201011,112,37
8778,HU,201012,112,48
8779,HU,201101,112,61
8780,HU,201102,112,64
8781,HU,201103,112,51
8782,HU,201104,112,74
8783,HU,201105,112,137
8784,HU,201106,112,39
8785,HU,201107,112,71
8786,HU,201108,112,27
8787,HU,201109,112,41
8788,HU,201110,112,32
8789,HU,201111,112,34
8790,HU,201112,112,38
8791,HU,201201,112,106
8792,HU,201202,112,39
8793,HU,201203,112,92
8794,HU,201204,112,65
8795,HU,201205,112,48
8796,HU,201206,112,56
8797,HU,201207,112,198
8798,HU,201208,112,96
8799,HU,201209,112,97
8800,HU,201210,112,33
8801,HU,201211,112,43
8802,HU,201212,112,18
8803,HU,201301,112,36
8804,HU,201302,112,34
8805,HU,201303,112,58
8806,HU,201304,112,10
8807,HU,201305,112,38
8808,HU,201306,112,74
8809,HU,201307,112,50
8810,HU,201308,112,115
8811,HU,201309,112,25
8812,HU,201310,112,84
8813,HU,201311,112,48
8814,HU,201312,112,36
8815,HU,201401,112,81
8816,HU,201402,112,65
8817,HU,201403,112,78
8818,HU,201404,112,83
8819,HU,201405,112,139
8820,HU,201406,112,69
8821,HU,201407,112,55
8822,HU,201408,112,27
8823,HU,201409,112,62
8824,HU,201410,112,129
8825,HU,201411,112,126
8826,HU,201412,112,111
8827,HU,201501,112,52
8828,HU,201502,112,87
8829,HU,201503,112,64
8830,HU,201504,112,150
8831,HU,201505,112,71
8832,HU,201506,112,145
8833,HU,201507,112,164
8834,HU,201508,112,210
8835,HU,201509,112,963
8836,HU,201510,112,254
8837,HU,201511,112,134
8838,HU,201512,112,152
8839,HU,201601,112,135
8840,HU,201602,112,142
8841,HU,201603,112,119
8842,HU,201604,112,79
8843,HU,201605,112,127
8844,HU,201606,112,97
8845,HU,201607,112,195
8846,HU,201608,112,102
8847,HU,201609,112,188
8848,HU,201610,112,176
8849,HU,201611,112,110
8850,HU,201612,112,143
8851,HU,201701,112,140
8852,HU,201702,112,170
8853,HU,201703,112,204
8854,HU,201704,112,225
8855,HU,201705,112,172
8856,HU,201706,112,180
8857,HU,201707,112,179
8858,HU,201708,112,98
8859,HU,201709,112,110
8860,HU,201710,112,120
8861,HU,201711,112,121
8862,HU,201712,112,131
8863,HU,201801,112,141
8864,HU,201802,112,149
8865,HU,201803,112,160
8866,HU,201804,112,303
8867,HU,201805,112,168
8868,HU,201806,112,194
8869,HU,201807,112,191
8870,HU,201808,112,104
8871,HU,201809,112,283
8872,HU,201810,112,241
8873,HU,201811,112,281
8874,HU,201812,112,220
8875,HU,201901,112,125
8876,HU,201902,112,219
8877,HU,201903,112,240
8878,HU,201904,112,85
8879,HU,201905,112,179
8880,HU,201906,112,124
8881,HU,201907,112,147
8882,HU,201908,112,83
8883,HU,201909,112,80
8884,HU,201910,112,115
8885,HU,201911,112,107
8886,HU,201912,112,81
8887,HU,202001,112,86
8888,HU,202002,112,82
8889,HU,202003,112,81
8890,HU,202004,112,117
8891,HU,202005,112,102
8892,HU,202006,112,106
8893,HU,202007,112,105
8894,HU,202008,112,79
8895,HU,202009,112,100
8896,HU,200901,113,1
8897,HU,200902,113,4
8898,HU,200904,113,2
8899,HU,200909,113,1
8900,HU,200910,113,1
8901,HU,200912,113,1
8902,HU,201007,113,2
8903,HU,201101,113,1
8904,HU,201104,113,1
8905,HU,201106,113,3
8906,HU,201107,113,1
8907,HU,201108,113,1
8908,HU,201111,113,3
8909,HU,201112,113,2
8910,HU,201201,113,2
8911,HU,201203,113,1
8912,HU,201207,113,3
8913,HU,201210,113,1
8914,HU,201303,113,2
8915,HU,201306,113,1
8916,HU,201309,113,2
8917,HU,201312,113,1
8918,HU,201407,113,2
8919,HU,201408,113,1
8920,HU,201409,113,1
8921,HU,201412,113,2
8922,HU,201503,113,1
8923,HU,201504,113,3
8924,HU,201509,113,10
8925,HU,201511,113,1
8926,HU,201601,113,1
8927,HU,201603,113,2
8928,HU,201604,113,2
8929,HU,201605,113,3
8930,HU,201607,113,2
8931,HU,201609,113,10
8932,HU,201610,113,7
8933,HU,201611,113,1
8934,HU,201612,113,4
8935,HU,201701,113,1
8936,HU,201702,113,2
8937,HU,201703,113,2
8938,HU,201705,113,4
8939,HU,201706,113,4
8940,HU,201707,113,1
8941,HU,201708,113,2
8942,HU,201709,113,1
8943,HU,201711,113,2
8944,HU,201712,113,4
8945,HU,201801,113,1
8946,HU,201804,113,3
8947,HU,201806,113,9
8948,HU,201807,113,2
8949,HU,201809,113,4
8950,HU,201810,113,2
8951,HU,201811,113,1
8952,HU,201812,113,9
8953,HU,201901,113,8
8954,HU,201902,113,2
8955,HU,201903,113,4
8956,HU,201904,113,1
8957,HU,201905,113,2
8958,HU,201906,113,5
8959,HU,201908,113,4
8960,HU,201911,113,2
8961,HU,201912,113,1
8962,HU,202002,113,1
8963,HU,200803,114,9
8964,HU,200804,114,2
8965,HU,200806,114,1
8966,HU,200807,114,2
8967,HU,200808,114,3
8968,HU,200809,114,13
8969,HU,200810,114,17
8970,HU,200811,114,3
8971,HU,200812,114,4
8972,HU,200901,114,20
8973,HU,200902,114,6
8974,HU,200903,114,15
8975,HU,200904,114,8
8976,HU,200905,114,4
8977,HU,200906,114,8
8978,HU,200907,114,11
8979,HU,200908,114,24
8980,HU,200909,114,18
8981,HU,200910,114,2
8982,HU,200911,114,9
8983,HU,200912,114,12
8984,HU,201001,114,1
8985,HU,201002,114,8
8986,HU,201003,114,3
8987,HU,201004,114,2
8988,HU,201005,114,10
8989,HU,201006,114,5
8990,HU,201007,114,10
8991,HU,201008,114,17
8992,HU,201009,114,10
8993,HU,201010,114,51
8994,HU,201011,114,23
8995,HU,201012,114,5
8996,HU,201101,114,30
8997,HU,201102,114,16
8998,HU,201103,114,22
8999,HU,201104,114,24
9000,HU,201105,114,15
9001,HU,201106,114,31
9002,HU,201107,114,14
9003,HU,201108,114,8
9004,HU,201109,114,7
9005,HU,201110,114,16
9006,HU,201111,114,6
9007,HU,201112,114,21
9008,HU,201201,114,21
9009,HU,201202,114,13
9010,HU,201203,114,20
9011,HU,201204,114,7
9012,HU,201205,114,14
9013,HU,201206,114,31
9014,HU,201207,114,9
9015,HU,201208,114,36
9016,HU,201209,114,21
9017,HU,201210,114,18
9018,HU,201211,114,10
9019,HU,201212,114,4
9020,HU,201301,114,16
9021,HU,201302,114,5
9022,HU,201303,114,12
9023,HU,201304,114,10
9024,HU,201305,114,4
9025,HU,201306,114,7
9026,HU,201307,114,11
9027,HU,201308,114,12
9028,HU,201309,114,14
9029,HU,201310,114,11
9030,HU,201311,114,26
9031,HU,201312,114,1
9032,HU,201401,114,6
9033,HU,201402,114,10
9034,HU,201403,114,24
9035,HU,201404,114,33
9036,HU,201405,114,15
9037,HU,201406,114,11
9038,HU,201407,114,17
9039,HU,201408,114,20
9040,HU,201409,114,48
9041,HU,201410,114,21
9042,HU,201411,114,51
9043,HU,201412,114,27
9044,HU,201501,114,29
9045,HU,201502,114,28
9046,HU,201503,114,25
9047,HU,201504,114,45
9048,HU,201505,114,14
9049,HU,201506,114,26
9050,HU,201507,114,31
9051,HU,201508,114,45
9052,HU,201509,114,183
9053,HU,201510,114,23
9054,HU,201511,114,34
9055,HU,201512,114,43
9056,HU,201601,114,38
9057,HU,201602,114,36
9058,HU,201603,114,27
9059,HU,201604,114,35
9060,HU,201605,114,24
9061,HU,201606,114,41
9062,HU,201607,114,51
9063,HU,201608,114,40
9064,HU,201609,114,57
9065,HU,201610,114,53
9066,HU,201611,114,24
9067,HU,201612,114,20
9068,HU,201701,114,22
9069,HU,201702,114,37
9070,HU,201703,114,76
9071,HU,201704,114,22
9072,HU,201705,114,13
9073,HU,201706,114,16
9074,HU,201707,114,20
9075,HU,201708,114,11
9076,HU,201709,114,59
9077,HU,201710,114,27
9078,HU,201711,114,14
9079,HU,201712,114,14
9080,HU,201801,114,21
9081,HU,201802,114,18
9082,HU,201803,114,18
9083,HU,201804,114,21
9084,HU,201805,114,21
9085,HU,201806,114,21
9086,HU,201807,114,17
9087,HU,201808,114,15
9088,HU,201809,114,34
9089,HU,201810,114,31
9090,HU,201811,114,11
9091,HU,201812,114,41
9092,HU,201901,114,14
9093,HU,201902,114,24
9094,HU,201903,114,10
9095,HU,201904,114,36
9096,HU,201905,114,38
9097,HU,201906,114,17
9098,HU,201907,114,16
9099,HU,201908,114,23
9100,HU,201909,114,24
9101,HU,201910,114,21
9102,HU,201911,114,23
9103,HU,201912,114,12
9104,HU,202001,114,16
9105,HU,202002,114,37
9106,HU,202003,114,18
9107,HU,202004,114,18
9108,HU,202005,114,31
9109,HU,202006,114,13
9110,HU,202007,114,23
9111,HU,202008,114,13
9112,HU,202009,114,7
9113,HU,200803,115,1
9114,HU,200809,115,1
9115,HU,200901,115,3
9116,HU,200904,115,1
9117,HU,200907,115,3
9118,HU,200910,115,1
9119,HU,201001,115,1
9120,HU,201002,115,4
9121,HU,201005,115,1
9122,HU,201008,115,5
9123,HU,201009,115,1
9124,HU,201010,115,2
9125,HU,201011,115,1
9126,HU,201012,115,1
9127,HU,201102,115,4
9128,HU,201103,115,1
9129,HU,201104,115,4
9130,HU,201105,115,1
9131,HU,201106,115,3
9132,HU,201108,115,1
9133,HU,201109,115,2
9134,HU,201110,115,4
9135,HU,201201,115,1
9136,HU,201204,115,2
9137,HU,201205,115,2
9138,HU,201207,115,4
9139,HU,201209,115,9
9140,HU,201210,115,3
9141,HU,201301,115,2
9142,HU,201309,115,2
9143,HU,201403,115,2
9144,HU,201405,115,5
9145,HU,201408,115,1
9146,HU,201409,115,3
9147,HU,201410,115,1
9148,HU,201411,115,5
9149,HU,201412,115,29
9150,HU,201501,115,2
9151,HU,201503,115,4
9152,HU,201505,115,2
9153,HU,201506,115,1
9154,HU,201507,115,1
9155,HU,201509,115,3
9156,HU,201510,115,14
9157,HU,201511,115,2
9158,HU,201512,115,18
9159,HU,201601,115,4
9160,HU,201602,115,10
9161,HU,201603,115,6
9162,HU,201604,115,5
9163,HU,201605,115,3
9164,HU,201606,115,1
9165,HU,201607,115,1
9166,HU,201609,115,7
9167,HU,201610,115,8
9168,HU,201611,115,2
9169,HU,201612,115,4
9170,HU,201702,115,1
9171,HU,201703,115,10
9172,HU,201704,115,2
9173,HU,201705,115,7
9174,HU,201706,115,2
9175,HU,201707,115,9
9176,HU,201709,115,6
9177,HU,201712,115,1
9178,HU,201801,115,3
9179,HU,201802,115,4
9180,HU,201803,115,4
9181,HU,201804,115,1
9182,HU,201808,115,3
9183,HU,201809,115,2
9184,HU,201811,115,2
9185,HU,201901,115,5
9186,HU,201902,115,1
9187,HU,201904,115,10
9188,HU,201905,115,2
9189,HU,201908,115,1
9190,HU,201911,115,1
9191,HU,202001,115,1
9192,HU,202002,115,2
9193,HU,202003,115,3
9194,HU,202004,115,3
9195,HU,202005,115,2
9196,HU,202006,115,1
9197,HU,202007,115,2
9198,HU,202008,115,1
9199,HU,201208,116,2
9200,HU,201809,116,4
9201,HU,200803,120,26
9202,HU,200804,120,22
9203,HU,200805,120,18
9204,HU,200806,120,12
9205,HU,200807,120,12
9206,HU,200808,120,27
9207,HU,200809,120,28
9208,HU,200810,120,50
9209,HU,200811,120,20
9210,HU,200812,120,45
9211,HU,200901,120,80
9212,HU,200902,120,48
9213,HU,200903,120,158
9214,HU,200904,120,73
9215,HU,200905,120,49
9216,HU,200906,120,54
9217,HU,200907,120,49
9218,HU,200908,120,94
9219,HU,200909,120,84
9220,HU,200910,120,79
9221,HU,200911,120,63
9222,HU,200912,120,58
9223,HU,201001,120,32
9224,HU,201002,120,43
9225,HU,201003,120,19
9226,HU,201004,120,43
9227,HU,201005,120,30
9228,HU,201006,120,35
9229,HU,201007,120,58
9230,HU,201008,120,67
9231,HU,201009,120,67
9232,HU,201010,120,138
9233,HU,201011,120,63
9234,HU,201012,120,68
9235,HU,201101,120,138
9236,HU,201102,120,108
9237,HU,201103,120,96
9238,HU,201104,120,87
9239,HU,201105,120,86
9240,HU,201106,120,58
9241,HU,201107,120,92
9242,HU,201108,120,62
9243,HU,201109,120,34
9244,HU,201110,120,64
9245,HU,201111,120,84
9246,HU,201112,120,138
9247,HU,201201,120,133
9248,HU,201202,120,113
9249,HU,201203,120,94
9250,HU,201204,120,100
9251,HU,201205,120,84
9252,HU,201206,120,71
9253,HU,201207,120,69
9254,HU,201208,120,107
9255,HU,201209,120,99
9256,HU,201210,120,87
9257,HU,201211,120,52
9258,HU,201212,120,36
9259,HU,201301,120,70
9260,HU,201302,120,51
9261,HU,201303,120,109
9262,HU,201304,120,18
9263,HU,201305,120,21
9264,HU,201306,120,69
9265,HU,201307,120,87
9266,HU,201308,120,65
9267,HU,201309,120,79
9268,HU,201310,120,100
9269,HU,201311,120,59
9270,HU,201312,120,41
9271,HU,201401,120,75
9272,HU,201402,120,106
9273,HU,201403,120,130
9274,HU,201404,120,116
9275,HU,201405,120,128
9276,HU,201406,120,139
9277,HU,201407,120,75
9278,HU,201408,120,50
9279,HU,201409,120,90
9280,HU,201410,120,167
9281,HU,201411,120,171
9282,HU,201412,120,125
9283,HU,201501,120,124
9284,HU,201502,120,146
9285,HU,201503,120,151
9286,HU,201504,120,156
9287,HU,201505,120,237
9288,HU,201506,120,157
9289,HU,201507,120,190
9290,HU,201508,120,162
9291,HU,201509,120,1426
9292,HU,201510,120,357
9293,HU,201511,120,221
9294,HU,201512,120,166
9295,HU,201601,120,171
9296,HU,201602,120,236
9297,HU,201603,120,247
9298,HU,201604,120,156
9299,HU,201605,120,253
9300,HU,201606,120,150
9301,HU,201607,120,215
9302,HU,201608,120,147
9303,HU,201609,120,400
9304,HU,201610,120,468
9305,HU,201611,120,249
9306,HU,201612,120,160
9307,HU,201701,120,145
9308,HU,201702,120,176
9309,HU,201703,120,215
9310,HU,201704,120,237
9311,HU,201705,120,169
9312,HU,201706,120,225
9313,HU,201707,120,237
9314,HU,201708,120,175
9315,HU,201709,120,381
9316,HU,201710,120,165
9317,HU,201711,120,150
9318,HU,201712,120,207
9319,HU,201801,120,215
9320,HU,201802,120,149
9321,HU,201803,120,182
9322,HU,201804,120,212
9323,HU,201805,120,159
9324,HU,201806,120,229
9325,HU,201807,120,205
9326,HU,201808,120,167
9327,HU,201809,120,325
9328,HU,201810,120,209
9329,HU,201811,120,302
9330,HU,201812,120,328
9331,HU,201901,120,119
9332,HU,201902,120,219
9333,HU,201903,120,163
9334,HU,201904,120,148
9335,HU,201905,120,303
9336,HU,201906,120,167
9337,HU,201907,120,105
9338,HU,201908,120,95
9339,HU,201909,120,215
9340,HU,201910,120,276
9341,HU,201911,120,175
9342,HU,201912,120,108
9343,HU,202001,120,110
9344,HU,202002,120,108
9345,HU,202003,120,153
9346,HU,202004,120,138
9347,HU,202005,120,148
9348,HU,202006,120,104
9349,HU,202007,120,108
9350,HU,202008,120,54
9351,HU,202009,120,161
9352,HU,200804,121,3
9353,HU,200903,121,2
9354,HU,200912,121,1
9355,HU,201007,121,2
9356,HU,201104,121,1
9357,HU,201208,121,1
9358,HU,201209,121,1
9359,HU,201210,121,1
9360,HU,201405,121,1
9361,HU,201409,121,1
9362,HU,201411,121,2
9363,HU,201505,121,1
9364,HU,201509,121,9
9365,HU,201609,121,2
9366,HU,201610,121,1
9367,HU,201701,121,3
9368,HU,201703,121,1
9369,HU,201801,121,1
9370,HU,201802,121,3
9371,HU,201803,121,3
9372,HU,201804,121,2
9373,HU,201805,121,1
9374,HU,201806,121,1
9375,HU,201809,121,1
9376,HU,201811,121,1
9377,HU,201901,121,1
9378,HU,201907,121,2
9379,HU,201910,121,2
9380,HU,202002,121,1
9381,HU,200803,122,1
9382,HU,200809,122,3
9383,HU,200906,122,1
9384,HU,200909,122,2
9385,HU,200912,122,1
9386,HU,201005,122,4
9387,HU,201007,122,3
9388,HU,201012,122,3
9389,HU,201105,122,4
9390,HU,201107,122,1
9391,HU,201111,122,1
9392,HU,201112,122,1
9393,HU,201201,122,1
9394,HU,201202,122,1
9395,HU,201203,122,2
9396,HU,201204,122,1
9397,HU,201205,122,1
9398,HU,201207,122,1
9399,HU,201208,122,4
9400,HU,201211,122,1
9401,HU,201305,122,6
9402,HU,201306,122,1
9403,HU,201307,122,2
9404,HU,201308,122,1
9405,HU,201311,122,1
9406,HU,201404,122,3
9407,HU,201405,122,3
9408,HU,201406,122,3
9409,HU,201407,122,2
9410,HU,201409,122,2
9411,HU,201410,122,2
9412,HU,201411,122,7
9413,HU,201412,122,2
9414,HU,201501,122,1
9415,HU,201502,122,16
9416,HU,201503,122,1
9417,HU,201506,122,2
9418,HU,201507,122,5
9419,HU,201509,122,12
9420,HU,201510,122,2
9421,HU,201511,122,3
9422,HU,201512,122,6
9423,HU,201603,122,3
9424,HU,201604,122,1
9425,HU,201605,122,2
9426,HU,201606,122,1
9427,HU,201607,122,1
9428,HU,201609,122,2
9429,HU,201611,122,1
9430,HU,201612,122,3
9431,HU,201701,122,1
9432,HU,201702,122,1
9433,HU,201703,122,1
9434,HU,201704,122,6
9435,HU,201705,122,3
9436,HU,201706,122,2
9437,HU,201707,122,4
9438,HU,201708,122,2
9439,HU,201710,122,1
9440,HU,201712,122,3
9441,HU,201801,122,2
9442,HU,201803,122,2
9443,HU,201805,122,1
9444,HU,201806,122,2
9445,HU,201807,122,2
9446,HU,201809,122,1
9447,HU,201810,122,15
9448,HU,201812,122,2
9449,HU,201902,122,4
9450,HU,201903,122,2
9451,HU,201905,122,1
9452,HU,201908,122,1
9453,HU,201909,122,1
9454,HU,201910,122,5
9455,HU,201911,122,1
9456,HU,201912,122,1
9457,HU,202001,122,1
9458,HU,202003,122,1
9459,HU,202004,122,2
9460,HU,202005,122,2
9461,HU,202008,122,5
9462,HU,202009,122,1
9463,HU,200808,123,1
9464,HU,200902,123,1
9465,HU,201002,123,2
9466,HU,201012,123,1
9467,HU,201101,123,2
9468,HU,201107,123,1
9469,HU,201109,123,1
9470,HU,201201,123,2
9471,HU,201203,123,5
9472,HU,201205,123,1
9473,HU,201206,123,3
9474,HU,201209,123,2
9475,HU,201210,123,2
9476,HU,201212,123,1
9477,HU,201305,123,1
9478,HU,201401,123,1
9479,HU,201403,123,1
9480,HU,201405,123,1
9481,HU,201505,123,1
9482,HU,201506,123,1
9483,HU,201507,123,1
9484,HU,201512,123,1
9485,HU,201601,123,1
9486,HU,201604,123,3
9487,HU,201606,123,5
9488,HU,201609,123,2
9489,HU,201610,123,1
9490,HU,201704,123,1
9491,HU,201707,123,1
9492,HU,201809,123,3
9493,HU,201901,123,8
9494,HU,201905,123,3
9495,HU,201906,123,2
9496,HU,201909,123,2
9497,HU,202002,123,1
9498,HU,202008,123,2
9499,HU,200805,124,2
9500,HU,200807,124,1
9501,HU,200810,124,4
9502,HU,200811,124,3
9503,HU,200901,124,2
9504,HU,200903,124,17
9505,HU,200904,124,7
9506,HU,200905,124,21
9507,HU,200907,124,10
9508,HU,200908,124,5
9509,HU,200909,124,2
9510,HU,200910,124,3
9511,HU,200912,124,5
9512,HU,201001,124,3
9513,HU,201002,124,1
9514,HU,201003,124,1
9515,HU,201004,124,7
9516,HU,201006,124,2
9517,HU,201008,124,1
9518,HU,201009,124,1
9519,HU,201010,124,27
9520,HU,201011,124,1
9521,HU,201101,124,3
9522,HU,201102,124,4
9523,HU,201103,124,14
9524,HU,201104,124,1
9525,HU,201105,124,1
9526,HU,201108,124,4
9527,HU,201109,124,5
9528,HU,201110,124,3
9529,HU,201111,124,7
9530,HU,201112,124,4
9531,HU,201201,124,5
9532,HU,201203,124,1
9533,HU,201204,124,3
9534,HU,201205,124,1
9535,HU,201206,124,5
9536,HU,201207,124,1
9537,HU,201208,124,19
9538,HU,201209,124,42
9539,HU,201210,124,14
9540,HU,201211,124,6
9541,HU,201212,124,2
9542,HU,201301,124,2
9543,HU,201302,124,6
9544,HU,201303,124,1
9545,HU,201305,124,2
9546,HU,201306,124,2
9547,HU,201307,124,5
9548,HU,201309,124,6
9549,HU,201310,124,6
9550,HU,201311,124,2
9551,HU,201402,124,1
9552,HU,201403,124,10
9553,HU,201404,124,2
9554,HU,201405,124,6
9555,HU,201406,124,2
9556,HU,201407,124,4
9557,HU,201408,124,1
9558,HU,201409,124,17
9559,HU,201410,124,14
9560,HU,201411,124,8
9561,HU,201412,124,1
9562,HU,201501,124,1
9563,HU,201502,124,4
9564,HU,201503,124,2
9565,HU,201504,124,1
9566,HU,201505,124,8
9567,HU,201506,124,11
9568,HU,201507,124,3
9569,HU,201508,124,13
9570,HU,201509,124,77
9571,HU,201510,124,11
9572,HU,201511,124,2
9573,HU,201512,124,1
9574,HU,201601,124,5
9575,HU,201602,124,9
9576,HU,201603,124,2
9577,HU,201604,124,11
9578,HU,201605,124,8
9579,HU,201606,124,11
9580,HU,201607,124,3
9581,HU,201608,124,6
9582,HU,201609,124,3
9583,HU,201610,124,6
9584,HU,201612,124,4
9585,HU,201701,124,12
9586,HU,201702,124,24
9587,HU,201703,124,7
9588,HU,201704,124,9
9589,HU,201705,124,4
9590,HU,201706,124,9
9591,HU,201707,124,9
9592,HU,201708,124,7
9593,HU,201709,124,29
9594,HU,201710,124,3
9595,HU,201711,124,5
9596,HU,201712,124,11
9597,HU,201801,124,9
9598,HU,201802,124,3
9599,HU,201803,124,12
9600,HU,201804,124,6
9601,HU,201805,124,6
9602,HU,201806,124,17
9603,HU,201807,124,21
9604,HU,201808,124,3
9605,HU,201809,124,4
9606,HU,201810,124,33
9607,HU,201811,124,25
9608,HU,201812,124,8
9609,HU,201901,124,2
9610,HU,201902,124,9
9611,HU,201903,124,12
9612,HU,201904,124,6
9613,HU,201905,124,19
9614,HU,201906,124,2
9615,HU,201907,124,4
9616,HU,201908,124,11
9617,HU,201909,124,1
9618,HU,201910,124,8
9619,HU,201911,124,3
9620,HU,201912,124,4
9621,HU,202001,124,3
9622,HU,202002,124,6
9623,HU,202003,124,9
9624,HU,202004,124,4
9625,HU,202005,124,11
9626,HU,202006,124,6
9627,HU,202007,124,9
9628,HU,202008,124,3
9629,HU,202009,124,14
9630,HU,200803,125,4
9631,HU,200805,125,5
9632,HU,200806,125,2
9633,HU,200807,125,1
9634,HU,200808,125,1
9635,HU,200809,125,3
9636,HU,200810,125,6
9637,HU,200811,125,1
9638,HU,200812,125,4
9639,HU,200901,125,5
9640,HU,200903,125,13
9641,HU,200904,125,6
9642,HU,200905,125,5
9643,HU,200906,125,9
9644,HU,200907,125,3
9645,HU,200908,125,19
9646,HU,200909,125,7
9647,HU,200910,125,7
9648,HU,200911,125,9
9649,HU,200912,125,5
9650,HU,201001,125,1
9651,HU,201002,125,3
9652,HU,201003,125,4
9653,HU,201004,125,1
9654,HU,201005,125,1
9655,HU,201006,125,4
9656,HU,201007,125,1
9657,HU,201008,125,1
9658,HU,201009,125,6
9659,HU,201010,125,5
9660,HU,201012,125,5
9661,HU,201101,125,4
9662,HU,201102,125,12
9663,HU,201103,125,5
9664,HU,201104,125,16
9665,HU,201105,125,8
9666,HU,201107,125,8
9667,HU,201108,125,5
9668,HU,201109,125,7
9669,HU,201110,125,7
9670,HU,201111,125,3
9671,HU,201112,125,2
9672,HU,201201,125,3
9673,HU,201202,125,1
9674,HU,201203,125,2
9675,HU,201204,125,10
9676,HU,201205,125,6
9677,HU,201206,125,3
9678,HU,201207,125,6
9679,HU,201208,125,5
9680,HU,201209,125,8
9681,HU,201210,125,4
9682,HU,201211,125,10
9683,HU,201212,125,1
9684,HU,201301,125,2
9685,HU,201303,125,8
9686,HU,201304,125,3
9687,HU,201305,125,2
9688,HU,201306,125,8
9689,HU,201307,125,4
9690,HU,201308,125,4
9691,HU,201309,125,5
9692,HU,201310,125,11
9693,HU,201311,125,2
9694,HU,201401,125,2
9695,HU,201402,125,6
9696,HU,201403,125,15
9697,HU,201404,125,3
9698,HU,201405,125,1
9699,HU,201406,125,4
9700,HU,201407,125,4
9701,HU,201408,125,1
9702,HU,201409,125,10
9703,HU,201410,125,9
9704,HU,201411,125,6
9705,HU,201412,125,3
9706,HU,201501,125,4
9707,HU,201502,125,4
9708,HU,201503,125,8
9709,HU,201504,125,7
9710,HU,201505,125,9
9711,HU,201506,125,8
9712,HU,201507,125,5
9713,HU,201508,125,4
9714,HU,201509,125,68
9715,HU,201510,125,8
9716,HU,201511,125,9
9717,HU,201512,125,13
9718,HU,201601,125,3
9719,HU,201602,125,21
9720,HU,201603,125,8
9721,HU,201604,125,6
9722,HU,201605,125,11
9723,HU,201606,125,8
9724,HU,201607,125,6
9725,HU,201608,125,8
9726,HU,201609,125,13
9727,HU,201610,125,7
9728,HU,201611,125,16
9729,HU,201612,125,26
9730,HU,201701,125,19
9731,HU,201702,125,12
9732,HU,201703,125,7
9733,HU,201704,125,19
9734,HU,201705,125,10
9735,HU,201706,125,9
9736,HU,201707,125,3
9737,HU,201708,125,7
9738,HU,201709,125,7
9739,HU,201710,125,9
9740,HU,201711,125,5
9741,HU,201712,125,4
9742,HU,201801,125,8
9743,HU,201802,125,12
9744,HU,201803,125,9
9745,HU,201804,125,5
9746,HU,201805,125,10
9747,HU,201806,125,14
9748,HU,201807,125,37
9749,HU,201808,125,2
9750,HU,201809,125,9
9751,HU,201810,125,6
9752,HU,201811,125,12
9753,HU,201812,125,15
9754,HU,201901,125,5
9755,HU,201902,125,30
9756,HU,201903,125,14
9757,HU,201904,125,17
9758,HU,201905,125,17
9759,HU,201906,125,4
9760,HU,201907,125,2
9761,HU,201908,125,5
9762,HU,201909,125,2
9763,HU,201910,125,6
9764,HU,201911,125,9
9765,HU,201912,125,8
9766,HU,202001,125,5
9767,HU,202002,125,9
9768,HU,202003,125,4
9769,HU,202004,125,3
9770,HU,202005,125,6
9771,HU,202006,125,6
9772,HU,202007,125,9
9773,HU,202008,125,4
9774,HU,202009,125,11
9775,HU,200805,127,1
9776,HU,200809,127,4
9777,HU,200810,127,6
9778,HU,200812,127,6
9779,HU,200901,127,3
9780,HU,200903,127,5
9781,HU,200906,127,1
9782,HU,200909,127,2
9783,HU,200910,127,2
9784,HU,200911,127,1
9785,HU,201001,127,4
9786,HU,201004,127,2
9787,HU,201007,127,3
9788,HU,201010,127,1
9789,HU,201012,127,1
9790,HU,201103,127,4
9791,HU,201104,127,4
9792,HU,201105,127,1
9793,HU,201106,127,1
9794,HU,201107,127,1
9795,HU,201108,127,1
9796,HU,201109,127,1
9797,HU,201110,127,2
9798,HU,201201,127,4
9799,HU,201205,127,2
9800,HU,201208,127,1
9801,HU,201209,127,6
9802,HU,201210,127,2
9803,HU,201301,127,1
9804,HU,201303,127,4
9805,HU,201307,127,3
9806,HU,201310,127,3
9807,HU,201312,127,4
9808,HU,201401,127,5
9809,HU,201405,127,1
9810,HU,201407,127,8
9811,HU,201409,127,1
9812,HU,201411,127,3
9813,HU,201412,127,4
9814,HU,201501,127,12
9815,HU,201502,127,1
9816,HU,201503,127,3
9817,HU,201504,127,1
9818,HU,201505,127,1
9819,HU,201506,127,1
9820,HU,201507,127,25
9821,HU,201508,127,1
9822,HU,201509,127,38
9823,HU,201510,127,17
9824,HU,201511,127,18
9825,HU,201512,127,8
9826,HU,201601,127,3
9827,HU,201602,127,5
9828,HU,201603,127,1
9829,HU,201604,127,3
9830,HU,201605,127,5
9831,HU,201607,127,5
9832,HU,201608,127,5
9833,HU,201609,127,4
9834,HU,201610,127,11
9835,HU,201611,127,3
9836,HU,201702,127,2
9837,HU,201703,127,6
9838,HU,201704,127,2
9839,HU,201705,127,5
9840,HU,201706,127,5
9841,HU,201707,127,6
9842,HU,201708,127,5
9843,HU,201709,127,46
9844,HU,201711,127,5
9845,HU,201712,127,23
9846,HU,201801,127,6
9847,HU,201802,127,7
9848,HU,201804,127,4
9849,HU,201806,127,8
9850,HU,201808,127,13
9851,HU,201809,127,4
9852,HU,201810,127,3
9853,HU,201811,127,1
9854,HU,201812,127,1
9855,HU,201901,127,1
9856,HU,201902,127,6
9857,HU,201903,127,2
9858,HU,201904,127,1
9859,HU,201905,127,4
9860,HU,201906,127,14
9861,HU,201907,127,11
9862,HU,201909,127,6
9863,HU,201912,127,6
9864,HU,202001,127,1
9865,HU,202004,127,1
9866,HU,202005,127,3
9867,HU,202007,127,1
9868,HU,202008,127,1
9869,HU,200805,128,2
9870,HU,200809,128,3
9871,HU,200810,128,2
9872,HU,200901,128,3
9873,HU,200902,128,7
9874,HU,200903,128,3
9875,HU,200904,128,6
9876,HU,200905,128,7
9877,HU,200906,128,1
9878,HU,200907,128,9
9879,HU,200908,128,19
9880,HU,200909,128,5
9881,HU,200910,128,7
9882,HU,200911,128,3
9883,HU,200912,128,4
9884,HU,201002,128,5
9885,HU,201004,128,3
9886,HU,201005,128,1
9887,HU,201006,128,1
9888,HU,201007,128,6
9889,HU,201008,128,8
9890,HU,201009,128,2
9891,HU,201010,128,42
9892,HU,201011,128,4
9893,HU,201012,128,12
9894,HU,201101,128,19
9895,HU,201102,128,11
9896,HU,201103,128,4
9897,HU,201104,128,6
9898,HU,201106,128,6
9899,HU,201107,128,10
9900,HU,201108,128,6
9901,HU,201109,128,1
9902,HU,201110,128,6
9903,HU,201111,128,3
9904,HU,201112,128,7
9905,HU,201201,128,25
9906,HU,201202,128,9
9907,HU,201203,128,4
9908,HU,201204,128,2
9909,HU,201205,128,5
9910,HU,201206,128,5
9911,HU,201207,128,5
9912,HU,201208,128,6
9913,HU,201209,128,1
9914,HU,201210,128,10
9915,HU,201211,128,3
9916,HU,201212,128,2
9917,HU,201301,128,3
9918,HU,201302,128,2
9919,HU,201303,128,6
9920,HU,201304,128,4
9921,HU,201306,128,15
9922,HU,201307,128,12
9923,HU,201308,128,3
9924,HU,201309,128,7
9925,HU,201310,128,6
9926,HU,201311,128,6
9927,HU,201312,128,3
9928,HU,201401,128,1
9929,HU,201403,128,11
9930,HU,201404,128,12
9931,HU,201405,128,4
9932,HU,201406,128,7
9933,HU,201407,128,7
9934,HU,201408,128,1
9935,HU,201409,128,5
9936,HU,201410,128,10
9937,HU,201411,128,20
9938,HU,201412,128,3
9939,HU,201501,128,8
9940,HU,201502,128,13
9941,HU,201503,128,11
9942,HU,201504,128,16
9943,HU,201505,128,13
9944,HU,201506,128,15
9945,HU,201507,128,20
9946,HU,201508,128,11
9947,HU,201509,128,305
9948,HU,201510,128,130
9949,HU,201511,128,7
9950,HU,201512,128,45
9951,HU,201601,128,25
9952,HU,201602,128,54
9953,HU,201603,128,50
9954,HU,201604,128,14
9955,HU,201605,128,33
9956,HU,201606,128,34
9957,HU,201607,128,27
9958,HU,201608,128,14
9959,HU,201609,128,74
9960,HU,201610,128,30
9961,HU,201611,128,52
9962,HU,201612,128,16
9963,HU,201701,128,22
9964,HU,201702,128,20
9965,HU,201703,128,38
9966,HU,201704,128,22
9967,HU,201705,128,27
9968,HU,201706,128,14
9969,HU,201707,128,23
9970,HU,201708,128,7
9971,HU,201709,128,23
9972,HU,201710,128,42
9973,HU,201711,128,18
9974,HU,201712,128,32
9975,HU,201801,128,18
9976,HU,201802,128,17
9977,HU,201803,128,19
9978,HU,201804,128,25
9979,HU,201805,128,13
9980,HU,201806,128,65
9981,HU,201807,128,38
9982,HU,201808,128,21
9983,HU,201809,128,127
9984,HU,201810,128,41
9985,HU,201811,128,23
9986,HU,201812,128,21
9987,HU,201901,128,11
9988,HU,201902,128,25
9989,HU,201903,128,22
9990,HU,201904,128,13
9991,HU,201905,128,23
9992,HU,201906,128,7
9993,HU,201907,128,14
9994,HU,201908,128,17
9995,HU,201909,128,10
9996,HU,201910,128,11
9997,HU,201911,128,16
9998,HU,201912,128,15
9999,HU,202001,128,11
10000,HU,202002,128,3
10001,HU,202003,128,24
10002,HU,202004,128,22
10003,HU,202005,128,8
10004,HU,202006,128,10
10005,HU,202007,128,9
10006,HU,202008,128,11
10007,HU,202009,128,9
10008,HU,200805,129,1
10009,HU,200810,129,6
10010,HU,200811,129,2
10011,HU,200812,129,5
10012,HU,200901,129,2
10013,HU,200902,129,1
10014,HU,200905,129,1
10015,HU,200907,129,1
10016,HU,200908,129,3
10017,HU,200909,129,3
10018,HU,200910,129,7
10019,HU,200911,129,1
10020,HU,200912,129,4
10021,HU,201003,129,1
10022,HU,201008,129,2
10023,HU,201011,129,4
10024,HU,201012,129,4
10025,HU,201102,129,3
10026,HU,201103,129,2
10027,HU,201104,129,3
10028,HU,201105,129,1
10029,HU,201106,129,4
10030,HU,201109,129,1
10031,HU,201110,129,9
10032,HU,201112,129,3
10033,HU,201201,129,4
10034,HU,201202,129,1
10035,HU,201207,129,3
10036,HU,201208,129,2
10037,HU,201211,129,2
10038,HU,201302,129,2
10039,HU,201303,129,12
10040,HU,201306,129,1
10041,HU,201307,129,2
10042,HU,201312,129,1
10043,HU,201402,129,1
10044,HU,201403,129,2
10045,HU,201406,129,6
10046,HU,201407,129,1
10047,HU,201409,129,1
10048,HU,201410,129,4
10049,HU,201411,129,4
10050,HU,201412,129,1
10051,HU,201502,129,5
10052,HU,201503,129,9
10053,HU,201504,129,3
10054,HU,201505,129,1
10055,HU,201507,129,1
10056,HU,201508,129,2
10057,HU,201509,129,2
10058,HU,201510,129,6
10059,HU,201511,129,2
10060,HU,201512,129,4
10061,HU,201601,129,15
10062,HU,201603,129,88
10063,HU,201604,129,4
10064,HU,201605,129,16
10065,HU,201606,129,5
10066,HU,201607,129,9
10067,HU,201608,129,1
10068,HU,201609,129,16
10069,HU,201610,129,6
10070,HU,201611,129,4
10071,HU,201612,129,14
10072,HU,201701,129,13
10073,HU,201702,129,4
10074,HU,201703,129,7
10075,HU,201704,129,47
10076,HU,201705,129,21
10077,HU,201706,129,4
10078,HU,201707,129,39
10079,HU,201708,129,17
10080,HU,201709,129,16
10081,HU,201710,129,20
10082,HU,201711,129,25
10083,HU,201712,129,45
10084,HU,201801,129,28
10085,HU,201802,129,19
10086,HU,201803,129,20
10087,HU,201804,129,77
10088,HU,201805,129,29
10089,HU,201806,129,28
10090,HU,201807,129,23
10091,HU,201808,129,8
10092,HU,201809,129,59
10093,HU,201810,129,11
10094,HU,201811,129,15
10095,HU,201812,129,19
10096,HU,201901,129,9
10097,HU,201902,129,25
10098,HU,201903,129,29
10099,HU,201904,129,19
10100,HU,201905,129,21
10101,HU,201906,129,7
10102,HU,201907,129,3
10103,HU,201908,129,1
10104,HU,201909,129,26
10105,HU,201910,129,111
10106,HU,201911,129,35
10107,HU,201912,129,13
10108,HU,202002,129,2
10109,HU,202003,129,11
10110,HU,202004,129,3
10111,HU,202005,129,1
10112,HU,202006,129,3
10113,HU,202007,129,37
10114,HU,202008,129,5
10115,HU,202009,129,10
10116,HU,200803,130,8
10117,HU,200804,130,4
10118,HU,200805,130,13
10119,HU,200806,130,5
10120,HU,200807,130,5
10121,HU,200808,130,5
10122,HU,200809,130,9
10123,HU,200810,130,30
10124,HU,200811,130,17
10125,HU,200812,130,4
10126,HU,200901,130,31
10127,HU,200902,130,12
10128,HU,200903,130,41
10129,HU,200904,130,13
10130,HU,200905,130,10
10131,HU,200906,130,14
10132,HU,200907,130,14
10133,HU,200908,130,18
10134,HU,200909,130,20
10135,HU,200910,130,18
10136,HU,200911,130,26
10137,HU,200912,130,16
10138,HU,201001,130,14
10139,HU,201002,130,12
10140,HU,201003,130,11
10141,HU,201004,130,15
10142,HU,201005,130,4
10143,HU,201006,130,22
10144,HU,201007,130,26
10145,HU,201008,130,19
10146,HU,201009,130,26
10147,HU,201010,130,185
10148,HU,201011,130,15
10149,HU,201012,130,33
10150,HU,201101,130,51
10151,HU,201102,130,38
10152,HU,201103,130,27
10153,HU,201104,130,29
10154,HU,201105,130,35
10155,HU,201106,130,45
10156,HU,201107,130,21
10157,HU,201108,130,17
10158,HU,201109,130,10
10159,HU,201110,130,13
10160,HU,201111,130,27
10161,HU,201112,130,44
10162,HU,201201,130,77
10163,HU,201202,130,30
10164,HU,201203,130,31
10165,HU,201204,130,22
10166,HU,201205,130,12
10167,HU,201206,130,20
10168,HU,201207,130,26
10169,HU,201208,130,12
10170,HU,201209,130,48
10171,HU,201210,130,21
10172,HU,201211,130,14
10173,HU,201212,130,18
10174,HU,201301,130,10
10175,HU,201302,130,13
10176,HU,201303,130,44
10177,HU,201304,130,22
10178,HU,201305,130,24
10179,HU,201306,130,32
10180,HU,201307,130,26
10181,HU,201308,130,19
10182,HU,201309,130,18
10183,HU,201310,130,31
10184,HU,201311,130,18
10185,HU,201312,130,11
10186,HU,201401,130,19
10187,HU,201402,130,45
10188,HU,201403,130,43
10189,HU,201404,130,44
10190,HU,201405,130,19
10191,HU,201406,130,53
10192,HU,201407,130,45
10193,HU,201408,130,45
10194,HU,201409,130,32
10195,HU,201410,130,38
10196,HU,201411,130,49
10197,HU,201412,130,46
10198,HU,201501,130,30
10199,HU,201502,130,71
10200,HU,201503,130,43
10201,HU,201504,130,36
10202,HU,201505,130,45
10203,HU,201506,130,88
10204,HU,201507,130,65
10205,HU,201508,130,55
10206,HU,201509,130,766
10207,HU,201510,130,156
10208,HU,201511,130,73
10209,HU,201512,130,98
10210,HU,201601,130,106
10211,HU,201602,130,104
10212,HU,201603,130,110
10213,HU,201604,130,54
10214,HU,201605,130,75
10215,HU,201606,130,50
10216,HU,201607,130,46
10217,HU,201608,130,49
10218,HU,201609,130,137
10219,HU,201610,130,107
10220,HU,201611,130,66
10221,HU,201612,130,61
10222,HU,201701,130,79
10223,HU,201702,130,65
10224,HU,201703,130,107
10225,HU,201704,130,151
10226,HU,201705,130,43
10227,HU,201706,130,87
10228,HU,201707,130,80
10229,HU,201708,130,63
10230,HU,201709,130,92
10231,HU,201710,130,87
10232,HU,201711,130,63
10233,HU,201712,130,64
10234,HU,201801,130,57
10235,HU,201802,130,96
10236,HU,201803,130,81
10237,HU,201804,130,129
10238,HU,201805,130,124
10239,HU,201806,130,88
10240,HU,201807,130,61
10241,HU,201808,130,30
10242,HU,201809,130,158
10243,HU,201810,130,96
10244,HU,201811,130,81
10245,HU,201812,130,55
10246,HU,201901,130,64
10247,HU,201902,130,152
10248,HU,201903,130,79
10249,HU,201904,130,53
10250,HU,201905,130,132
10251,HU,201906,130,72
10252,HU,201907,130,24
10253,HU,201908,130,37
10254,HU,201909,130,73
10255,HU,201910,130,47
10256,HU,201911,130,42
10257,HU,201912,130,38
10258,HU,202001,130,25
10259,HU,202002,130,29
10260,HU,202003,130,71
10261,HU,202004,130,79
10262,HU,202005,130,57
10263,HU,202006,130,34
10264,HU,202007,130,55
10265,HU,202008,130,36
10266,HU,202009,130,61
10267,HU,200805,131,2
10268,HU,200807,131,1
10269,HU,200808,131,3
10270,HU,200809,131,1
10271,HU,200901,131,2
10272,HU,200903,131,1
10273,HU,200910,131,1
10274,HU,200912,131,1
10275,HU,201003,131,1
10276,HU,201007,131,2
10277,HU,201009,131,4
10278,HU,201011,131,4
10279,HU,201012,131,2
10280,HU,201101,131,4
10281,HU,201102,131,9
10282,HU,201103,131,7
10283,HU,201106,131,12
10284,HU,201107,131,3
10285,HU,201109,131,4
10286,HU,201110,131,3
10287,HU,201111,131,2
10288,HU,201201,131,5
10289,HU,201202,131,6
10290,HU,201203,131,9
10291,HU,201205,131,4
10292,HU,201206,131,1
10293,HU,201208,131,1
10294,HU,201209,131,2
10295,HU,201211,131,2
10296,HU,201212,131,1
10297,HU,201301,131,2
10298,HU,201303,131,7
10299,HU,201308,131,4
10300,HU,201309,131,3
10301,HU,201310,131,5
10302,HU,201311,131,2
10303,HU,201401,131,13
10304,HU,201402,131,49
10305,HU,201404,131,5
10306,HU,201407,131,7
10307,HU,201408,131,7
10308,HU,201410,131,9
10309,HU,201411,131,3
10310,HU,201412,131,4
10311,HU,201501,131,15
10312,HU,201502,131,3
10313,HU,201503,131,4
10314,HU,201504,131,4
10315,HU,201505,131,4
10316,HU,201506,131,1
10317,HU,201507,131,27
10318,HU,201509,131,11
10319,HU,201510,131,2
10320,HU,201511,131,11
10321,HU,201512,131,5
10322,HU,201601,131,4
10323,HU,201602,131,3
10324,HU,201603,131,5
10325,HU,201604,131,4
10326,HU,201605,131,7
10327,HU,201607,131,10
10328,HU,201608,131,3
10329,HU,201609,131,19
10330,HU,201610,131,6
10331,HU,201611,131,3
10332,HU,201612,131,5
10333,HU,201701,131,5
10334,HU,201702,131,4
10335,HU,201703,131,1
10336,HU,201704,131,3
10337,HU,201705,131,7
10338,HU,201706,131,5
10339,HU,201707,131,3
10340,HU,201708,131,1
10341,HU,201709,131,3
10342,HU,201710,131,7
10343,HU,201712,131,2
10344,HU,201801,131,7
10345,HU,201802,131,5
10346,HU,201803,131,4
10347,HU,201804,131,5
10348,HU,201805,131,11
10349,HU,201806,131,1
10350,HU,201807,131,21
10351,HU,201808,131,3
10352,HU,201809,131,23
10353,HU,201810,131,8
10354,HU,201811,131,4
10355,HU,201812,131,8
10356,HU,201901,131,10
10357,HU,201902,131,2
10358,HU,201903,131,15
10359,HU,201904,131,2
10360,HU,201905,131,8
10361,HU,201908,131,44
10362,HU,201909,131,3
10363,HU,201910,131,8
10364,HU,201911,131,6
10365,HU,201912,131,3
10366,HU,202001,131,1
10367,HU,202003,131,13
10368,HU,202004,131,5
10369,HU,202005,131,2
10370,HU,202006,131,4
10371,HU,202007,131,17
10372,HU,202008,131,5
10373,HU,202009,131,13
10374,HU,201605,132,1
10375,HU,200810,133,1
10376,HU,200812,133,1
10377,HU,200901,133,2
10378,HU,200902,133,3
10379,HU,200903,133,4
10380,HU,200907,133,3
10381,HU,200908,133,1
10382,HU,200911,133,1
10383,HU,201005,133,2
10384,HU,201011,133,3
10385,HU,201012,133,1
10386,HU,201102,133,2
10387,HU,201103,133,1
10388,HU,201104,133,2
10389,HU,201106,133,7
10390,HU,201107,133,2
10391,HU,201109,133,1
10392,HU,201110,133,2
10393,HU,201111,133,1
10394,HU,201201,133,3
10395,HU,201202,133,3
10396,HU,201203,133,1
10397,HU,201209,133,5
10398,HU,201210,133,2
10399,HU,201212,133,2
10400,HU,201301,133,3
10401,HU,201302,133,2
10402,HU,201310,133,1
10403,HU,201312,133,2
10404,HU,201402,133,5
10405,HU,201403,133,2
10406,HU,201404,133,1
10407,HU,201406,133,1
10408,HU,201407,133,1
10409,HU,201409,133,2
10410,HU,201410,133,32
10411,HU,201411,133,10
10412,HU,201412,133,7
10413,HU,201503,133,2
10414,HU,201504,133,4
10415,HU,201505,133,1
10416,HU,201509,133,14
10417,HU,201511,133,1
10418,HU,201512,133,8
10419,HU,201602,133,6
10420,HU,201603,133,6
10421,HU,201604,133,1
10422,HU,201609,133,2
10423,HU,201610,133,7
10424,HU,201611,133,1
10425,HU,201702,133,3
10426,HU,201704,133,10
10427,HU,201705,133,3
10428,HU,201707,133,1
10429,HU,201802,133,2
10430,HU,201804,133,5
10431,HU,201810,133,2
10432,HU,201811,133,4
10433,HU,201812,133,12
10434,HU,201901,133,5
10435,HU,201902,133,6
10436,HU,201906,133,2
10437,HU,201912,133,8
10438,HU,202002,133,1
10439,HU,202006,133,1
10440,HU,200809,134,2
10441,HU,200811,134,1
10442,HU,201010,134,1
10443,HU,201012,134,1
10444,HU,201101,134,1
10445,HU,201105,134,1
10446,HU,201108,134,4
10447,HU,201203,134,1
10448,HU,201406,134,2
10449,HU,201412,134,2
10450,HU,201508,134,1
10451,HU,201509,134,4
10452,HU,201511,134,1
10453,HU,201512,134,1
10454,HU,201601,134,2
10455,HU,201606,134,1
10456,HU,201607,134,1
10457,HU,201609,134,1
10458,HU,201611,134,1
10459,HU,201612,134,1
10460,HU,201702,134,1
10461,HU,201705,134,2
10462,HU,201710,134,2
10463,HU,201803,134,1
10464,HU,201804,134,3
10465,HU,201805,134,1
10466,HU,201810,134,2
10467,HU,201812,134,6
10468,HU,201902,134,6
10469,HU,201906,134,2
10470,HU,201911,134,1
10471,HU,201005,136,2
10472,HU,201108,136,2
10473,HU,201506,136,1
10474,HU,201507,136,1
10475,HU,201903,136,17
10476,HU,202001,136,1
10477,HU,200805,137,1
10478,HU,201009,137,1
10479,HU,201012,137,2
10480,HU,201104,137,1
10481,HU,201105,137,2
10482,HU,201208,137,5
10483,HU,201301,137,1
10484,HU,201309,137,1
10485,HU,201310,137,4
10486,HU,201405,137,6
10487,HU,201502,137,1
10488,HU,201509,137,2
10489,HU,201512,137,1
10490,HU,201604,137,2
10491,HU,201611,137,8
10492,HU,201701,137,1
10493,HU,201709,137,2
10494,HU,201801,137,1
10495,HU,201803,137,1
10496,HU,201807,137,2
10497,HU,201811,137,2
10498,HU,201911,137,1
10499,HU,200804,138,1
10500,HU,200805,138,1
10501,HU,200807,138,1
10502,HU,200808,138,2
10503,HU,200810,138,3
10504,HU,200812,138,4
10505,HU,200901,138,6
10506,HU,200902,138,2
10507,HU,200903,138,4
10508,HU,200904,138,9
10509,HU,200905,138,16
10510,HU,200906,138,6
10511,HU,200907,138,9
10512,HU,200908,138,7
10513,HU,200909,138,5
10514,HU,200910,138,9
10515,HU,200911,138,2
10516,HU,201001,138,7
10517,HU,201002,138,1
10518,HU,201003,138,2
10519,HU,201004,138,3
10520,HU,201005,138,3
10521,HU,201008,138,1
10522,HU,201009,138,5
10523,HU,201010,138,12
10524,HU,201011,138,4
10525,HU,201012,138,1
10526,HU,201101,138,10
10527,HU,201102,138,8
10528,HU,201103,138,8
10529,HU,201104,138,2
10530,HU,201105,138,16
10531,HU,201106,138,1
10532,HU,201107,138,3
10533,HU,201108,138,3
10534,HU,201109,138,6
10535,HU,201110,138,5
10536,HU,201111,138,8
10537,HU,201112,138,15
10538,HU,201201,138,8
10539,HU,201202,138,3
10540,HU,201203,138,7
10541,HU,201204,138,6
10542,HU,201205,138,2
10543,HU,201206,138,3
10544,HU,201207,138,3
10545,HU,201208,138,2
10546,HU,201209,138,7
10547,HU,201210,138,3
10548,HU,201211,138,8
10549,HU,201212,138,2
10550,HU,201301,138,5
10551,HU,201302,138,3
10552,HU,201303,138,4
10553,HU,201304,138,1
10554,HU,201305,138,2
10555,HU,201306,138,8
10556,HU,201307,138,5
10557,HU,201308,138,3
10558,HU,201309,138,5
10559,HU,201310,138,9
10560,HU,201311,138,5
10561,HU,201312,138,2
10562,HU,201401,138,12
10563,HU,201402,138,9
10564,HU,201403,138,13
10565,HU,201404,138,5
10566,HU,201405,138,5
10567,HU,201406,138,4
10568,HU,201407,138,8
10569,HU,201408,138,6
10570,HU,201409,138,11
10571,HU,201410,138,6
10572,HU,201411,138,9
10573,HU,201412,138,12
10574,HU,201501,138,9
10575,HU,201502,138,13
10576,HU,201503,138,4
10577,HU,201504,138,28
10578,HU,201505,138,21
10579,HU,201506,138,10
10580,HU,201507,138,6
10581,HU,201508,138,10
10582,HU,201509,138,41
10583,HU,201510,138,17
10584,HU,201511,138,19
10585,HU,201512,138,44
10586,HU,201601,138,15
10587,HU,201602,138,14
10588,HU,201603,138,30
10589,HU,201604,138,12
10590,HU,201605,138,8
10591,HU,201606,138,4
10592,HU,201607,138,11
10593,HU,201608,138,12
10594,HU,201609,138,22
10595,HU,201610,138,27
10596,HU,201611,138,7
10597,HU,201612,138,20
10598,HU,201701,138,7
10599,HU,201702,138,3
10600,HU,201703,138,30
10601,HU,201704,138,17
10602,HU,201705,138,20
10603,HU,201706,138,7
10604,HU,201707,138,43
10605,HU,201708,138,8
10606,HU,201709,138,19
10607,HU,201710,138,10
10608,HU,201711,138,7
10609,HU,201712,138,7
10610,HU,201801,138,7
10611,HU,201802,138,17
10612,HU,201803,138,10
10613,HU,201804,138,18
10614,HU,201805,138,2
10615,HU,201806,138,6
10616,HU,201807,138,5
10617,HU,201808,138,8
10618,HU,201809,138,15
10619,HU,201810,138,14
10620,HU,201811,138,8
10621,HU,201812,138,6
10622,HU,201901,138,8
10623,HU,201902,138,5
10624,HU,201903,138,10
10625,HU,201904,138,14
10626,HU,201905,138,19
10627,HU,201906,138,4
10628,HU,201907,138,5
10629,HU,201908,138,4
10630,HU,201909,138,10
10631,HU,201910,138,4
10632,HU,201911,138,15
10633,HU,201912,138,8
10634,HU,202001,138,10
10635,HU,202002,138,3
10636,HU,202003,138,18
10637,HU,202004,138,4
10638,HU,202005,138,6
10639,HU,202006,138,1
10640,HU,202007,138,11
10641,HU,202008,138,1
10642,HU,202009,138,3
10643,HU,200807,139,2
10644,HU,200812,139,1
10645,HU,200902,139,1
10646,HU,200903,139,1
10647,HU,200906,139,1
10648,HU,200909,139,3
10649,HU,201001,139,12
10650,HU,201002,139,1
10651,HU,201004,139,1
10652,HU,201010,139,2
10653,HU,201101,139,7
10654,HU,201102,139,7
10655,HU,201103,139,3
10656,HU,201105,139,1
10657,HU,201110,139,4
10658,HU,201111,139,1
10659,HU,201201,139,5
10660,HU,201202,139,2
10661,HU,201203,139,7
10662,HU,201204,139,1
10663,HU,201205,139,5
10664,HU,201206,139,2
10665,HU,201208,139,1
10666,HU,201210,139,1
10667,HU,201211,139,1
10668,HU,201302,139,1
10669,HU,201305,139,1
10670,HU,201309,139,1
10671,HU,201310,139,4
10672,HU,201311,139,1
10673,HU,201312,139,2
10674,HU,201401,139,4
10675,HU,201402,139,1
10676,HU,201403,139,2
10677,HU,201406,139,5
10678,HU,201407,139,6
10679,HU,201408,139,7
10680,HU,201410,139,3
10681,HU,201411,139,1
10682,HU,201501,139,1
10683,HU,201502,139,3
10684,HU,201503,139,2
10685,HU,201504,139,1
10686,HU,201507,139,2
10687,HU,201508,139,2
10688,HU,201509,139,29
10689,HU,201510,139,1
10690,HU,201511,139,2
10691,HU,201512,139,1
10692,HU,201601,139,2
10693,HU,201602,139,1
10694,HU,201603,139,4
10695,HU,201604,139,4
10696,HU,201605,139,1
10697,HU,201607,139,1
10698,HU,201608,139,1
10699,HU,201609,139,1
10700,HU,201610,139,3
10701,HU,201611,139,7
10702,HU,201612,139,3
10703,HU,201701,139,1
10704,HU,201702,139,3
10705,HU,201704,139,6
10706,HU,201705,139,14
10707,HU,201706,139,1
10708,HU,201707,139,4
10709,HU,201708,139,6
10710,HU,201710,139,8
10711,HU,201711,139,2
10712,HU,201712,139,3
10713,HU,201801,139,6
10714,HU,201803,139,4
10715,HU,201804,139,1
10716,HU,201806,139,3
10717,HU,201807,139,1
10718,HU,201809,139,2
10719,HU,201810,139,5
10720,HU,201811,139,10
10721,HU,201812,139,15
10722,HU,201901,139,2
10723,HU,201903,139,6
10724,HU,201904,139,2
10725,HU,201905,139,3
10726,HU,201907,139,3
10727,HU,201911,139,2
10728,HU,202002,139,2
10729,HU,202003,139,2
10730,HU,202004,139,2
10731,HU,202005,139,1
10732,HU,202008,139,1
10733,HU,202009,139,2
10734,HU,200804,140,2
10735,HU,200807,140,6
10736,HU,200808,140,2
10737,HU,200809,140,1
10738,HU,200812,140,4
10739,HU,200902,140,13
10740,HU,200903,140,14
10741,HU,200904,140,10
10742,HU,200906,140,1
10743,HU,200907,140,5
10744,HU,200908,140,2
10745,HU,200911,140,2
10746,HU,200912,140,11
10747,HU,201005,140,1
10748,HU,201010,140,1
10749,HU,201101,140,4
10750,HU,201102,140,5
10751,HU,201103,140,2
10752,HU,201104,140,2
10753,HU,201105,140,5
10754,HU,201112,140,9
10755,HU,201201,140,5
10756,HU,201204,140,2
10757,HU,201205,140,1
10758,HU,201207,140,3
10759,HU,201209,140,18
10760,HU,201210,140,2
10761,HU,201211,140,5
10762,HU,201212,140,8
10763,HU,201301,140,1
10764,HU,201302,140,5
10765,HU,201303,140,7
10766,HU,201304,140,5
10767,HU,201306,140,1
10768,HU,201307,140,2
10769,HU,201310,140,6
10770,HU,201311,140,2
10771,HU,201312,140,1
10772,HU,201401,140,2
10773,HU,201402,140,4
10774,HU,201403,140,1
10775,HU,201404,140,13
10776,HU,201405,140,5
10777,HU,201406,140,4
10778,HU,201407,140,4
10779,HU,201408,140,2
10780,HU,201409,140,1
10781,HU,201410,140,8
10782,HU,201411,140,6
10783,HU,201412,140,3
10784,HU,201502,140,4
10785,HU,201504,140,5
10786,HU,201505,140,1
10787,HU,201508,140,16
10788,HU,201509,140,48
10789,HU,201510,140,2
10790,HU,201511,140,3
10791,HU,201512,140,1
10792,HU,201602,140,1
10793,HU,201603,140,2
10794,HU,201604,140,7
10795,HU,201605,140,2
10796,HU,201606,140,2
10797,HU,201607,140,4
10798,HU,201608,140,4
10799,HU,201609,140,8
10800,HU,201610,140,11
10801,HU,201611,140,2
10802,HU,201612,140,4
10803,HU,201702,140,1
10804,HU,201704,140,21
10805,HU,201705,140,4
10806,HU,201707,140,6
10807,HU,201709,140,1
10808,HU,201802,140,4
10809,HU,201803,140,3
10810,HU,201804,140,8
10811,HU,201805,140,1
10812,HU,201806,140,7
10813,HU,201807,140,8
10814,HU,201808,140,1
10815,HU,201809,140,1
10816,HU,201810,140,1
10817,HU,201811,140,4
10818,HU,201812,140,55
10819,HU,201901,140,10
10820,HU,201902,140,2
10821,HU,201903,140,2
10822,HU,201904,140,3
10823,HU,201905,140,2
10824,HU,201906,140,1
10825,HU,201907,140,2
10826,HU,201909,140,3
10827,HU,201910,140,1
10828,HU,202002,140,1
10829,HU,202005,140,3
10830,HU,202007,140,3
10831,HU,202008,140,5
10832,HU,202009,140,16
10833,HU,200803,141,9
10834,HU,200804,141,9
10835,HU,200805,141,10
10836,HU,200806,141,4
10837,HU,200807,141,3
10838,HU,200808,141,2
10839,HU,200809,141,7
10840,HU,200810,141,10
10841,HU,200811,141,18
10842,HU,200812,141,13
10843,HU,200901,141,28
10844,HU,200902,141,11
10845,HU,200903,141,39
10846,HU,200904,141,58
10847,HU,200905,141,21
10848,HU,200906,141,25
10849,HU,200907,141,23
10850,HU,200908,141,38
10851,HU,200909,141,28
10852,HU,200910,141,34
10853,HU,200911,141,23
10854,HU,200912,141,11
10855,HU,201001,141,7
10856,HU,201002,141,14
10857,HU,201003,141,7
10858,HU,201004,141,15
10859,HU,201005,141,7
10860,HU,201006,141,8
10861,HU,201007,141,5
10862,HU,201008,141,7
10863,HU,201009,141,12
10864,HU,201010,141,20
10865,HU,201011,141,15
10866,HU,201012,141,36
10867,HU,201101,141,64
10868,HU,201102,141,41
10869,HU,201103,141,77
10870,HU,201104,141,104
10871,HU,201105,141,20
10872,HU,201106,141,43
10873,HU,201107,141,19
10874,HU,201108,141,15
10875,HU,201109,141,25
10876,HU,201110,141,80
10877,HU,201111,141,17
10878,HU,201112,141,67
10879,HU,201201,141,134
10880,HU,201202,141,61
10881,HU,201203,141,74
10882,HU,201204,141,14
10883,HU,201205,141,25
10884,HU,201206,141,22
10885,HU,201207,141,32
10886,HU,201208,141,17
10887,HU,201209,141,129
10888,HU,201210,141,47
10889,HU,201211,141,31
10890,HU,201212,141,69
10891,HU,201301,141,15
10892,HU,201302,141,16
10893,HU,201303,141,50
10894,HU,201304,141,9
10895,HU,201305,141,21
10896,HU,201306,141,8
10897,HU,201307,141,18
10898,HU,201308,141,16
10899,HU,201309,141,30
10900,HU,201310,141,91
10901,HU,201311,141,23
10902,HU,201312,141,12
10903,HU,201401,141,22
10904,HU,201402,141,98
10905,HU,201403,141,45
10906,HU,201404,141,50
10907,HU,201405,141,29
10908,HU,201406,141,72
10909,HU,201407,141,37
10910,HU,201408,141,23
10911,HU,201409,141,27
10912,HU,201410,141,255
10913,HU,201411,141,193
10914,HU,201412,141,107
10915,HU,201501,141,82
10916,HU,201502,141,144
10917,HU,201503,141,69
10918,HU,201504,141,45
10919,HU,201505,141,33
10920,HU,201506,141,40
10921,HU,201507,141,63
10922,HU,201508,141,69
10923,HU,201509,141,275
10924,HU,201510,141,57
10925,HU,201511,141,41
10926,HU,201512,141,98
10927,HU,201601,141,37
10928,HU,201602,141,117
10929,HU,201603,141,102
10930,HU,201604,141,66
10931,HU,201605,141,66
10932,HU,201606,141,35
10933,HU,201607,141,75
10934,HU,201608,141,42
10935,HU,201609,141,52
10936,HU,201610,141,168
10937,HU,201611,141,38
10938,HU,201612,141,41
10939,HU,201701,141,38
10940,HU,201702,141,54
10941,HU,201703,141,73
10942,HU,201704,141,212
10943,HU,201705,141,95
10944,HU,201706,141,22
10945,HU,201707,141,64
10946,HU,201708,141,23
10947,HU,201709,141,34
10948,HU,201710,141,62
10949,HU,201711,141,54
10950,HU,201712,141,54
10951,HU,201801,141,38
10952,HU,201802,141,31
10953,HU,201803,141,90
10954,HU,201804,141,118
10955,HU,201805,141,71
10956,HU,201806,141,35
10957,HU,201807,141,39
10958,HU,201808,141,32
10959,HU,201809,141,49
10960,HU,201810,141,74
10961,HU,201811,141,42
10962,HU,201812,141,384
10963,HU,201901,141,162
10964,HU,201902,141,87
10965,HU,201903,141,78
10966,HU,201904,141,43
10967,HU,201905,141,78
10968,HU,201906,141,54
10969,HU,201907,141,42
10970,HU,201908,141,29
10971,HU,201909,141,32
10972,HU,201910,141,24
10973,HU,201911,141,78
10974,HU,201912,141,48
10975,HU,202001,141,39
10976,HU,202002,141,38
10977,HU,202003,141,24
10978,HU,202004,141,25
10979,HU,202005,141,17
10980,HU,202006,141,45
10981,HU,202007,141,34
10982,HU,202008,141,15
10983,HU,202009,141,44
10984,HU,200902,142,1
10985,HU,200909,142,1
10986,HU,201106,142,1
10987,HU,201110,142,3
10988,HU,201111,142,1
10989,HU,201112,142,34
10990,HU,201201,142,11
10991,HU,201203,142,3
10992,HU,201209,142,28
10993,HU,201301,142,3
10994,HU,201302,142,2
10995,HU,201310,142,3
10996,HU,201401,142,1
10997,HU,201509,142,6
10998,HU,201511,142,2
10999,HU,201605,142,1
11000,HU,201607,142,30
11001,HU,201608,142,2
11002,HU,201609,142,3
11003,HU,201612,142,3
11004,HU,201702,142,2
11005,HU,201703,142,38
11006,HU,201808,142,3
11007,HU,201810,142,2
11008,HU,202004,142,1
11009,HU,200804,143,4
11010,HU,200811,143,2
11011,HU,200812,143,14
11012,HU,200901,143,3
11013,HU,200902,143,2
11014,HU,200904,143,2
11015,HU,200905,143,1
11016,HU,200906,143,5
11017,HU,200910,143,2
11018,HU,201001,143,6
11019,HU,201003,143,3
11020,HU,201004,143,1
11021,HU,201008,143,1
11022,HU,201009,143,3
11023,HU,201011,143,1
11024,HU,201012,143,1
11025,HU,201102,143,1
11026,HU,201103,143,2
11027,HU,201104,143,9
11028,HU,201106,143,1
11029,HU,201107,143,1
11030,HU,201109,143,1
11031,HU,201111,143,1
11032,HU,201112,143,3
11033,HU,201201,143,3
11034,HU,201202,143,9
11035,HU,201203,143,1
11036,HU,201204,143,3
11037,HU,201205,143,12
11038,HU,201206,143,1
11039,HU,201207,143,1
11040,HU,201209,143,5
11041,HU,201210,143,2
11042,HU,201211,143,1
11043,HU,201212,143,2
11044,HU,201301,143,2
11045,HU,201303,143,5
11046,HU,201304,143,2
11047,HU,201307,143,2
11048,HU,201310,143,3
11049,HU,201401,143,1
11050,HU,201404,143,1
11051,HU,201406,143,1
11052,HU,201407,143,1
11053,HU,201409,143,1
11054,HU,201411,143,3
11055,HU,201412,143,2
11056,HU,201502,143,1
11057,HU,201504,143,2
11058,HU,201505,143,1
11059,HU,201506,143,1
11060,HU,201507,143,2
11061,HU,201508,143,2
11062,HU,201509,143,12
11063,HU,201510,143,2
11064,HU,201511,143,2
11065,HU,201512,143,3
11066,HU,201601,143,5
11067,HU,201602,143,2
11068,HU,201603,143,20
11069,HU,201604,143,24
11070,HU,201605,143,2
11071,HU,201606,143,1
11072,HU,201607,143,13
11073,HU,201608,143,2
11074,HU,201609,143,9
11075,HU,201610,143,8
11076,HU,201611,143,17
11077,HU,201612,143,1
11078,HU,201701,143,1
11079,HU,201703,143,4
11080,HU,201704,143,1
11081,HU,201705,143,1
11082,HU,201706,143,1
11083,HU,201708,143,6
11084,HU,201709,143,2
11085,HU,201710,143,2
11086,HU,201712,143,2
11087,HU,201803,143,1
11088,HU,201804,143,2
11089,HU,201805,143,2
11090,HU,201806,143,3
11091,HU,201807,143,1
11092,HU,201809,143,3
11093,HU,201810,143,4
11094,HU,201811,143,5
11095,HU,201812,143,4
11096,HU,201901,143,35
11097,HU,201902,143,2
11098,HU,201903,143,9
11099,HU,201905,143,1
11100,HU,201906,143,3
11101,HU,201907,143,2
11102,HU,201908,143,1
11103,HU,201909,143,1
11104,HU,201910,143,2
11105,HU,201911,143,4
11106,HU,201912,143,7
11107,HU,202002,143,1
11108,HU,202003,143,5
11109,HU,202006,143,2
11110,HU,202007,143,1
11111,HU,200803,144,3
11112,HU,200908,144,2
11113,HU,200909,144,5
11114,HU,201005,144,3
11115,HU,201010,144,1
11116,HU,201103,144,1
11117,HU,201104,144,1
11118,HU,201108,144,1
11119,HU,201201,144,1
11120,HU,201202,144,5
11121,HU,201203,144,1
11122,HU,201204,144,1
11123,HU,201212,144,1
11124,HU,201307,144,1
11125,HU,201502,144,3
11126,HU,201503,144,2
11127,HU,201507,144,1
11128,HU,201509,144,41
11129,HU,201510,144,1
11130,HU,201511,144,1
11131,HU,201601,144,22
11132,HU,201602,144,1
11133,HU,201605,144,5
11134,HU,201607,144,4
11135,HU,201703,144,3
11136,HU,201704,144,1
11137,HU,201710,144,1
11138,HU,201802,144,1
11139,HU,201807,144,10
11140,HU,201809,144,2
11141,HU,201812,144,10
11142,HU,201901,144,7
11143,HU,201903,144,1
11144,HU,202002,144,3
11145,HU,202003,144,2
11146,HU,202008,144,2
11147,HU,200803,145,8
11148,HU,200807,145,6
11149,HU,200809,145,7
11150,HU,200811,145,3
11151,HU,200901,145,1
11152,HU,200902,145,6
11153,HU,200903,145,2
11154,HU,200904,145,5
11155,HU,200906,145,12
11156,HU,200907,145,2
11157,HU,201001,145,2
11158,HU,201002,145,2
11159,HU,201004,145,1
11160,HU,201005,145,1
11161,HU,201007,145,7
11162,HU,201008,145,3
11163,HU,201010,145,1
11164,HU,201102,145,10
11165,HU,201104,145,2
11166,HU,201105,145,1
11167,HU,201108,145,1
11168,HU,201109,145,10
11169,HU,201110,145,2
11170,HU,201111,145,2
11171,HU,201201,145,20
11172,HU,201202,145,7
11173,HU,201203,145,1
11174,HU,201205,145,1
11175,HU,201209,145,17
11176,HU,201210,145,2
11177,HU,201212,145,9
11178,HU,201301,145,1
11179,HU,201304,145,2
11180,HU,201306,145,7
11181,HU,201307,145,1
11182,HU,201308,145,2
11183,HU,201310,145,2
11184,HU,201311,145,1
11185,HU,201402,145,2
11186,HU,201403,145,7
11187,HU,201404,145,3
11188,HU,201405,145,4
11189,HU,201406,145,4
11190,HU,201408,145,3
11191,HU,201409,145,5
11192,HU,201411,145,2
11193,HU,201503,145,3
11194,HU,201504,145,8
11195,HU,201505,145,1
11196,HU,201506,145,1
11197,HU,201507,145,1
11198,HU,201508,145,6
11199,HU,201509,145,250
11200,HU,201510,145,6
11201,HU,201511,145,2
11202,HU,201512,145,2
11203,HU,201602,145,1
11204,HU,201603,145,2
11205,HU,201607,145,3
11206,HU,201609,145,21
11207,HU,201610,145,9
11208,HU,201611,145,1
11209,HU,201612,145,1
11210,HU,201701,145,23
11211,HU,201702,145,9
11212,HU,201703,145,2
11213,HU,201704,145,2
11214,HU,201706,145,2
11215,HU,201707,145,1
11216,HU,201708,145,1
11217,HU,201709,145,1
11218,HU,201710,145,1
11219,HU,201711,145,5
11220,HU,201712,145,1
11221,HU,201801,145,2
11222,HU,201802,145,2
11223,HU,201803,145,3
11224,HU,201804,145,5
11225,HU,201806,145,3
11226,HU,201809,145,1
11227,HU,201810,145,17
11228,HU,201811,145,18
11229,HU,201812,145,26
11230,HU,201901,145,8
11231,HU,201902,145,6
11232,HU,201903,145,6
11233,HU,201904,145,3
11234,HU,201906,145,1
11235,HU,201907,145,3
11236,HU,201908,145,1
11237,HU,201909,145,2
11238,HU,201910,145,1
11239,HU,202002,145,1
11240,HU,202003,145,3
11241,HU,202004,145,4
11242,HU,202005,145,6
11243,HU,202006,145,2
11244,HU,202007,145,6
11245,HU,202008,145,1
11246,HU,202009,145,4
11247,HU,200804,150,1
11248,HU,200807,150,2
11249,HU,200810,150,3
11250,HU,200811,150,1
11251,HU,200812,150,2
11252,HU,200901,150,1
11253,HU,200903,150,2
11254,HU,200905,150,1
11255,HU,200909,150,4
11256,HU,200910,150,1
11257,HU,200911,150,2
11258,HU,201002,150,1
11259,HU,201005,150,3
11260,HU,201006,150,1
11261,HU,201010,150,3
11262,HU,201102,150,1
11263,HU,201103,150,2
11264,HU,201104,150,2
11265,HU,201105,150,2
11266,HU,201106,150,3
11267,HU,201107,150,1
11268,HU,201112,150,1
11269,HU,201202,150,5
11270,HU,201204,150,1
11271,HU,201207,150,1
11272,HU,201208,150,2
11273,HU,201211,150,2
11274,HU,201308,150,4
11275,HU,201310,150,1
11276,HU,201401,150,2
11277,HU,201402,150,2
11278,HU,201403,150,3
11279,HU,201404,150,2
11280,HU,201405,150,1
11281,HU,201406,150,7
11282,HU,201407,150,5
11283,HU,201409,150,3
11284,HU,201410,150,28
11285,HU,201411,150,2
11286,HU,201412,150,1
11287,HU,201501,150,3
11288,HU,201502,150,42
11289,HU,201503,150,2
11290,HU,201504,150,19
11291,HU,201506,150,136
11292,HU,201507,150,125
11293,HU,201508,150,188
11294,HU,201509,150,520
11295,HU,201510,150,90
11296,HU,201511,150,104
11297,HU,201512,150,40
11298,HU,201601,150,37
11299,HU,201602,150,30
11300,HU,201603,150,16
11301,HU,201604,150,16
11302,HU,201605,150,9
11303,HU,201606,150,2
11304,HU,201607,150,39
11305,HU,201608,150,90
11306,HU,201609,150,36
11307,HU,201610,150,34
11308,HU,201611,150,20
11309,HU,201612,150,4
11310,HU,201701,150,23
11311,HU,201702,150,65
11312,HU,201703,150,35
11313,HU,201704,150,40
11314,HU,201705,150,5
11315,HU,201706,150,12
11316,HU,201707,150,5
11317,HU,201708,150,6
11318,HU,201709,150,14
11319,HU,201710,150,4
11320,HU,201711,150,5
11321,HU,201712,150,7
11322,HU,201801,150,10
11323,HU,201802,150,19
11324,HU,201803,150,16
11325,HU,201804,150,27
11326,HU,201805,150,10
11327,HU,201806,150,11
11328,HU,201807,150,3
11329,HU,201809,150,5
11330,HU,201811,150,7
11331,HU,201812,150,3
11332,HU,201901,150,12
11333,HU,201902,150,5
11334,HU,201903,150,5
11335,HU,201904,150,7
11336,HU,201905,150,7
11337,HU,201906,150,8
11338,HU,201907,150,3
11339,HU,201908,150,4
11340,HU,201909,150,4
11341,HU,201910,150,3
11342,HU,201911,150,3
11343,HU,201912,150,1
11344,HU,202001,150,3
11345,HU,202002,150,4
11346,HU,202003,150,9
11347,HU,202004,150,3
11348,HU,202005,150,10
11349,HU,202006,150,2
11350,HU,202008,150,6
11351,HU,202009,150,6
11352,HU,201007,151,1
11353,HU,201108,151,4
11354,HU,201209,151,1
11355,HU,201211,151,2
11356,HU,201310,151,2
11357,HU,201404,151,1
11358,HU,201407,151,2
11359,HU,201409,151,5
11360,HU,201503,151,1
11361,HU,201506,151,1
11362,HU,201508,151,1
11363,HU,201509,151,3
11364,HU,201511,151,1
11365,HU,201603,151,12
11366,HU,201607,151,3
11367,HU,201612,151,3
11368,HU,201702,151,1
11369,HU,201705,151,2
11370,HU,201709,151,1
11371,HU,201803,151,2
11372,HU,201805,151,1
11373,HU,201904,151,1
11374,HU,201911,151,3
11375,HU,200804,152,1
11376,HU,201010,152,4
11377,HU,201105,152,4
11378,HU,201208,152,1
11379,HU,201209,152,5
11380,HU,201402,152,1
11381,HU,201403,152,5
11382,HU,201409,152,3
11383,HU,201410,152,1
11384,HU,201411,152,1
11385,HU,201412,152,2
11386,HU,201501,152,3
11387,HU,201502,152,4
11388,HU,201503,152,1
11389,HU,201504,152,1
11390,HU,201507,152,1
11391,HU,201508,152,5
11392,HU,201509,152,36
11393,HU,201510,152,3
11394,HU,201511,152,8
11395,HU,201512,152,1
11396,HU,201602,152,3
11397,HU,201603,152,2
11398,HU,201606,152,2
11399,HU,201607,152,10
11400,HU,201608,152,3
11401,HU,201609,152,2
11402,HU,201610,152,2
11403,HU,201611,152,4
11404,HU,201701,152,6
11405,HU,201703,152,3
11406,HU,201704,152,2
11407,HU,201708,152,3
11408,HU,201805,152,1
11409,HU,201806,152,2
11410,HU,201910,152,2
11411,HU,202004,152,3
11412,HU,202005,152,1
11413,HU,202007,152,1
11414,HU,200907,153,2
11415,HU,201101,153,4
11416,HU,201107,153,2
11417,HU,201207,153,1
11418,HU,201209,153,2
11419,HU,201303,153,2
11420,HU,201307,153,2
11421,HU,201403,153,4
11422,HU,201408,153,38
11423,HU,201410,153,1
11424,HU,201504,153,2
11425,HU,201507,153,3
11426,HU,201508,153,45
11427,HU,201509,153,90
11428,HU,201510,153,12
11429,HU,201511,153,2
11430,HU,201512,153,18
11431,HU,201601,153,9
11432,HU,201602,153,5
11433,HU,201603,153,17
11434,HU,201604,153,5
11435,HU,201605,153,3
11436,HU,201606,153,1
11437,HU,201607,153,7
11438,HU,201608,153,7
11439,HU,201609,153,9
11440,HU,201610,153,3
11441,HU,201612,153,1
11442,HU,201702,153,4
11443,HU,201703,153,6
11444,HU,201704,153,3
11445,HU,201705,153,4
11446,HU,201707,153,1
11447,HU,201710,153,4
11448,HU,201804,153,10
11449,HU,201805,153,1
11450,HU,201807,153,7
11451,HU,201810,153,4
11452,HU,201811,153,4
11453,HU,201903,153,12
11454,HU,201904,153,1
11455,HU,201906,153,1
11456,HU,202001,153,2
11457,HU,202003,153,2
11458,HU,202004,153,5
11459,HU,200803,154,1
11460,HU,200804,154,1
11461,HU,200805,154,2
11462,HU,200810,154,1
11463,HU,200812,154,4
11464,HU,200901,154,1
11465,HU,200902,154,6
11466,HU,200904,154,6
11467,HU,200906,154,4
11468,HU,200907,154,3
11469,HU,200908,154,1
11470,HU,200909,154,7
11471,HU,200910,154,1
11472,HU,200911,154,2
11473,HU,200912,154,1
11474,HU,201001,154,2
11475,HU,201002,154,2
11476,HU,201004,154,2
11477,HU,201005,154,2
11478,HU,201007,154,1
11479,HU,201008,154,1
11480,HU,201010,154,6
11481,HU,201011,154,5
11482,HU,201101,154,3
11483,HU,201102,154,1
11484,HU,201103,154,8
11485,HU,201104,154,2
11486,HU,201106,154,5
11487,HU,201108,154,1
11488,HU,201111,154,1
11489,HU,201201,154,1
11490,HU,201202,154,1
11491,HU,201204,154,3
11492,HU,201205,154,4
11493,HU,201206,154,1
11494,HU,201209,154,6
11495,HU,201210,154,3
11496,HU,201212,154,2
11497,HU,201301,154,2
11498,HU,201306,154,2
11499,HU,201307,154,3
11500,HU,201310,154,6
11501,HU,201311,154,3
11502,HU,201312,154,3
11503,HU,201401,154,15
11504,HU,201402,154,3
11505,HU,201403,154,6
11506,HU,201404,154,2
11507,HU,201405,154,1
11508,HU,201407,154,2
11509,HU,201409,154,1
11510,HU,201410,154,3
11511,HU,201501,154,12
11512,HU,201502,154,1
11513,HU,201503,154,7
11514,HU,201504,154,5
11515,HU,201505,154,4
11516,HU,201506,154,12
11517,HU,201507,154,11
11518,HU,201508,154,101
11519,HU,201509,154,168
11520,HU,201510,154,34
11521,HU,201511,154,15
11522,HU,201512,154,25
11523,HU,201601,154,11
11524,HU,201602,154,11
11525,HU,201603,154,7
11526,HU,201604,154,4
11527,HU,201605,154,1
11528,HU,201606,154,8
11529,HU,201607,154,4
11530,HU,201608,154,13
11531,HU,201609,154,6
11532,HU,201610,154,6
11533,HU,201611,154,5
11534,HU,201612,154,3
11535,HU,201701,154,13
11536,HU,201702,154,11
11537,HU,201703,154,3
11538,HU,201705,154,2
11539,HU,201706,154,2
11540,HU,201707,154,4
11541,HU,201708,154,10
11542,HU,201709,154,13
11543,HU,201711,154,3
11544,HU,201712,154,1
11545,HU,201801,154,4
11546,HU,201802,154,1
11547,HU,201803,154,1
11548,HU,201804,154,8
11549,HU,201805,154,11
11550,HU,201806,154,12
11551,HU,201807,154,4
11552,HU,201809,154,8
11553,HU,201810,154,9
11554,HU,201811,154,4
11555,HU,201812,154,3
11556,HU,201901,154,11
11557,HU,201902,154,2
11558,HU,201903,154,1
11559,HU,201904,154,10
11560,HU,201905,154,7
11561,HU,201906,154,18
11562,HU,201907,154,7
11563,HU,201909,154,7
11564,HU,201910,154,6
11565,HU,201911,154,2
11566,HU,201912,154,2
11567,HU,202002,154,1
11568,HU,202003,154,11
11569,HU,202004,154,4
11570,HU,202005,154,1
11571,HU,202006,154,11
11572,HU,202007,154,1
11573,HU,202008,154,2
11574,HU,202009,154,3
11575,HU,200803,160,7
11576,HU,200804,160,9
11577,HU,200805,160,4
11578,HU,200806,160,1
11579,HU,200807,160,6
11580,HU,200808,160,4
11581,HU,200809,160,5
11582,HU,200810,160,2
11583,HU,200811,160,3
11584,HU,200812,160,13
11585,HU,200901,160,7
11586,HU,200902,160,5
11587,HU,200903,160,22
11588,HU,200904,160,25
11589,HU,200905,160,12
11590,HU,200906,160,17
11591,HU,200907,160,6
11592,HU,200908,160,35
11593,HU,200909,160,16
11594,HU,200910,160,15
11595,HU,200911,160,2
11596,HU,200912,160,7
11597,HU,201001,160,6
11598,HU,201002,160,2
11599,HU,201003,160,5
11600,HU,201004,160,17
11601,HU,201005,160,1
11602,HU,201006,160,8
11603,HU,201007,160,5
11604,HU,201008,160,7
11605,HU,201009,160,4
11606,HU,201010,160,65
11607,HU,201011,160,6
11608,HU,201012,160,7
11609,HU,201101,160,12
11610,HU,201102,160,12
11611,HU,201103,160,20
11612,HU,201104,160,17
11613,HU,201105,160,5
11614,HU,201106,160,11
11615,HU,201107,160,11
11616,HU,201108,160,5
11617,HU,201109,160,11
11618,HU,201110,160,21
11619,HU,201111,160,6
11620,HU,201112,160,9
11621,HU,201201,160,12
11622,HU,201202,160,10
11623,HU,201203,160,19
11624,HU,201204,160,7
11625,HU,201205,160,16
11626,HU,201206,160,6
11627,HU,201207,160,4
11628,HU,201208,160,17
11629,HU,201209,160,66
11630,HU,201210,160,19
11631,HU,201211,160,11
11632,HU,201212,160,8
11633,HU,201301,160,14
11634,HU,201302,160,8
11635,HU,201303,160,10
11636,HU,201304,160,4
11637,HU,201305,160,7
11638,HU,201306,160,23
11639,HU,201307,160,23
11640,HU,201308,160,19
11641,HU,201309,160,8
11642,HU,201310,160,21
11643,HU,201311,160,17
11644,HU,201312,160,8
11645,HU,201401,160,13
11646,HU,201402,160,29
11647,HU,201403,160,22
11648,HU,201404,160,17
11649,HU,201405,160,16
11650,HU,201406,160,14
11651,HU,201407,160,27
11652,HU,201408,160,8
11653,HU,201409,160,23
11654,HU,201410,160,34
11655,HU,201411,160,62
11656,HU,201412,160,15
11657,HU,201501,160,8
11658,HU,201502,160,29
11659,HU,201503,160,19
11660,HU,201504,160,31
11661,HU,201505,160,21
11662,HU,201506,160,35
11663,HU,201507,160,58
11664,HU,201508,160,49
11665,HU,201509,160,639
11666,HU,201510,160,512
11667,HU,201511,160,86
11668,HU,201512,160,39
11669,HU,201601,160,31
11670,HU,201602,160,46
11671,HU,201603,160,74
11672,HU,201604,160,32
11673,HU,201605,160,30
11674,HU,201606,160,28
11675,HU,201607,160,82
11676,HU,201608,160,41
11677,HU,201609,160,63
11678,HU,201610,160,27
11679,HU,201611,160,29
11680,HU,201612,160,31
11681,HU,201701,160,31
11682,HU,201702,160,27
11683,HU,201703,160,16
11684,HU,201704,160,31
11685,HU,201705,160,33
11686,HU,201706,160,17
11687,HU,201707,160,50
11688,HU,201708,160,33
11689,HU,201709,160,66
11690,HU,201710,160,16
11691,HU,201711,160,17
11692,HU,201712,160,17
11693,HU,201801,160,29
11694,HU,201802,160,22
11695,HU,201803,160,31
11696,HU,201804,160,63
11697,HU,201805,160,63
11698,HU,201806,160,40
11699,HU,201807,160,27
11700,HU,201808,160,23
11701,HU,201809,160,25
11702,HU,201810,160,28
11703,HU,201811,160,33
11704,HU,201812,160,48
11705,HU,201901,160,31
11706,HU,201902,160,25
11707,HU,201903,160,38
11708,HU,201904,160,29
11709,HU,201905,160,48
11710,HU,201906,160,28
11711,HU,201907,160,19
11712,HU,201908,160,14
11713,HU,201909,160,29
11714,HU,201910,160,19
11715,HU,201911,160,18
11716,HU,201912,160,29
11717,HU,202001,160,28
11718,HU,202002,160,40
11719,HU,202003,160,107
11720,HU,202004,160,38
11721,HU,202005,160,47
11722,HU,202006,160,18
11723,HU,202007,160,33
11724,HU,202008,160,16
11725,HU,202009,160,39
11726,HU,200804,161,2
11727,HU,200805,161,11
11728,HU,200808,161,5
11729,HU,200809,161,1
11730,HU,200811,161,2
11731,HU,200812,161,1
11732,HU,200901,161,7
11733,HU,200903,161,10
11734,HU,200906,161,37
11735,HU,200907,161,4
11736,HU,200908,161,3
11737,HU,200909,161,3
11738,HU,200911,161,3
11739,HU,201001,161,1
11740,HU,201002,161,2
11741,HU,201003,161,4
11742,HU,201004,161,2
11743,HU,201005,161,11
11744,HU,201006,161,4
11745,HU,201008,161,3
11746,HU,201009,161,1
11747,HU,201010,161,6
11748,HU,201011,161,5
11749,HU,201012,161,1
11750,HU,201101,161,3
11751,HU,201102,161,5
11752,HU,201104,161,5
11753,HU,201105,161,6
11754,HU,201106,161,3
11755,HU,201107,161,1
11756,HU,201108,161,2
11757,HU,201109,161,3
11758,HU,201110,161,2
11759,HU,201111,161,4
11760,HU,201112,161,7
11761,HU,201201,161,1
11762,HU,201202,161,2
11763,HU,201203,161,2
11764,HU,201204,161,4
11765,HU,201206,161,6
11766,HU,201207,161,15
11767,HU,201208,161,9
11768,HU,201209,161,39
11769,HU,201210,161,2
11770,HU,201211,161,2
11771,HU,201212,161,3
11772,HU,201301,161,2
11773,HU,201302,161,4
11774,HU,201303,161,3
11775,HU,201306,161,2
11776,HU,201307,161,5
11777,HU,201308,161,25
11778,HU,201309,161,10
11779,HU,201310,161,6
11780,HU,201312,161,1
11781,HU,201401,161,4
11782,HU,201404,161,2
11783,HU,201405,161,4
11784,HU,201407,161,6
11785,HU,201408,161,1
11786,HU,201409,161,8
11787,HU,201410,161,11
11788,HU,201411,161,14
11789,HU,201412,161,1
11790,HU,201501,161,5
11791,HU,201502,161,12
11792,HU,201503,161,6
11793,HU,201504,161,4
11794,HU,201505,161,1
11795,HU,201506,161,5
11796,HU,201507,161,3
11797,HU,201508,161,2
11798,HU,201509,161,10
11799,HU,201510,161,17
11800,HU,201511,161,11
11801,HU,201512,161,5
11802,HU,201601,161,5
11803,HU,201602,161,16
11804,HU,201603,161,17
11805,HU,201604,161,3
11806,HU,201605,161,3
11807,HU,201606,161,8
11808,HU,201607,161,8
11809,HU,201609,161,12
11810,HU,201610,161,12
11811,HU,201611,161,11
11812,HU,201612,161,3
11813,HU,201701,161,7
11814,HU,201702,161,5
11815,HU,201703,161,11
11816,HU,201704,161,10
11817,HU,201705,161,5
11818,HU,201706,161,1
11819,HU,201707,161,11
11820,HU,201708,161,29
11821,HU,201709,161,11
11822,HU,201710,161,8
11823,HU,201711,161,6
11824,HU,201712,161,11
11825,HU,201801,161,7
11826,HU,201802,161,1
11827,HU,201803,161,26
11828,HU,201804,161,34
11829,HU,201805,161,22
11830,HU,201806,161,1
11831,HU,201807,161,5
11832,HU,201808,161,7
11833,HU,201809,161,10
11834,HU,201810,161,24
11835,HU,201811,161,24
11836,HU,201812,161,18
11837,HU,201901,161,3
11838,HU,201902,161,11
11839,HU,201903,161,9
11840,HU,201904,161,5
11841,HU,201905,161,18
11842,HU,201906,161,5
11843,HU,201907,161,8
11844,HU,201908,161,10
11845,HU,201909,161,10
11846,HU,201910,161,11
11847,HU,201911,161,21
11848,HU,201912,161,4
11849,HU,202001,161,4
11850,HU,202002,161,8
11851,HU,202003,161,12
11852,HU,202004,161,1
11853,HU,202006,161,5
11854,HU,202007,161,8
11855,HU,202008,161,5
11856,HU,202009,161,12
11857,HU,200901,162,8
11858,HU,200903,162,1
11859,HU,200910,162,3
11860,HU,200912,162,4
11861,HU,201004,162,1
11862,HU,201006,162,1
11863,HU,201009,162,1
11864,HU,201106,162,1
11865,HU,201107,162,2
11866,HU,201109,162,2
11867,HU,201111,162,2
11868,HU,201112,162,2
11869,HU,201201,162,5
11870,HU,201202,162,4
11871,HU,201203,162,8
11872,HU,201204,162,5
11873,HU,201303,162,1
11874,HU,201309,162,1
11875,HU,201310,162,5
11876,HU,201312,162,2
11877,HU,201402,162,1
11878,HU,201403,162,7
11879,HU,201405,162,6
11880,HU,201406,162,1
11881,HU,201407,162,2
11882,HU,201409,162,16
11883,HU,201410,162,2
11884,HU,201411,162,3
11885,HU,201501,162,6
11886,HU,201505,162,1
11887,HU,201506,162,4
11888,HU,201507,162,2
11889,HU,201509,162,11
11890,HU,201510,162,2
11891,HU,201511,162,5
11892,HU,201602,162,1
11893,HU,201603,162,1
11894,HU,201604,162,2
11895,HU,201606,162,1
11896,HU,201609,162,1
11897,HU,201610,162,3
11898,HU,201611,162,19
11899,HU,201612,162,2
11900,HU,201702,162,1
11901,HU,201703,162,1
11902,HU,201704,162,2
11903,HU,201705,162,2
11904,HU,201707,162,3
11905,HU,201709,162,3
11906,HU,201710,162,2
11907,HU,201711,162,1
11908,HU,201801,162,2
11909,HU,201802,162,1
11910,HU,201804,162,1
11911,HU,201805,162,3
11912,HU,201806,162,1
11913,HU,201808,162,2
11914,HU,201809,162,3
11915,HU,201812,162,1
11916,HU,201905,162,4
11917,HU,201907,162,1
11918,HU,201910,162,2
11919,HU,201912,162,1
11920,HU,202001,162,2
11921,HU,202002,162,1
11922,HU,202005,162,2
11923,HU,200810,163,1
11924,HU,200901,163,2
11925,HU,200903,163,1
11926,HU,200904,163,2
11927,HU,200905,163,2
11928,HU,200907,163,4
11929,HU,200908,163,2
11930,HU,200909,163,1
11931,HU,200910,163,2
11932,HU,200911,163,2
11933,HU,200912,163,1
11934,HU,201006,163,2
11935,HU,201008,163,1
11936,HU,201012,163,2
11937,HU,201101,163,16
11938,HU,201102,163,7
11939,HU,201103,163,18
11940,HU,201104,163,18
11941,HU,201105,163,1
11942,HU,201106,163,6
11943,HU,201107,163,1
11944,HU,201111,163,1
11945,HU,201201,163,16
11946,HU,201203,163,2
11947,HU,201205,163,2
11948,HU,201206,163,1
11949,HU,201207,163,2
11950,HU,201209,163,2
11951,HU,201210,163,1
11952,HU,201211,163,2
11953,HU,201301,163,7
11954,HU,201303,163,4
11955,HU,201307,163,1
11956,HU,201308,163,3
11957,HU,201309,163,1
11958,HU,201310,163,1
11959,HU,201311,163,8
11960,HU,201312,163,1
11961,HU,201401,163,15
11962,HU,201402,163,64
11963,HU,201403,163,13
11964,HU,201404,163,20
11965,HU,201405,163,5
11966,HU,201406,163,1
11967,HU,201407,163,8
11968,HU,201408,163,213
11969,HU,201409,163,10
11970,HU,201410,163,13
11971,HU,201411,163,7
11972,HU,201412,163,5
11973,HU,201501,163,8
11974,HU,201502,163,35
11975,HU,201503,163,7
11976,HU,201504,163,11
11977,HU,201505,163,8
11978,HU,201506,163,8
11979,HU,201507,163,2
11980,HU,201508,163,1
11981,HU,201509,163,5
11982,HU,201510,163,2
11983,HU,201511,163,12
11984,HU,201512,163,9
11985,HU,201601,163,2
11986,HU,201602,163,7
11987,HU,201603,163,11
11988,HU,201604,163,4
11989,HU,201605,163,21
11990,HU,201606,163,8
11991,HU,201607,163,13
11992,HU,201608,163,2
11993,HU,201609,163,18
11994,HU,201610,163,24
11995,HU,201611,163,19
11996,HU,201612,163,9
11997,HU,201701,163,12
11998,HU,201702,163,35
11999,HU,201703,163,3
12000,HU,201704,163,4
12001,HU,201705,163,7
12002,HU,201706,163,6
12003,HU,201707,163,14
12004,HU,201708,163,4
12005,HU,201709,163,9
12006,HU,201710,163,11
12007,HU,201711,163,4
12008,HU,201712,163,5
12009,HU,201801,163,3
12010,HU,201802,163,3
12011,HU,201803,163,1
12012,HU,201804,163,10
12013,HU,201805,163,14
12014,HU,201806,163,20
12015,HU,201807,163,15
12016,HU,201809,163,81
12017,HU,201810,163,15
12018,HU,201811,163,13
12019,HU,201812,163,17
12020,HU,201901,163,3
12021,HU,201902,163,13
12022,HU,201903,163,7
12023,HU,201904,163,1
12024,HU,201905,163,9
12025,HU,201906,163,1
12026,HU,201907,163,1
12027,HU,201908,163,28
12028,HU,201909,163,3
12029,HU,201910,163,8
12030,HU,201911,163,6
12031,HU,201912,163,3
12032,HU,202001,163,2
12033,HU,202003,163,3
12034,HU,202004,163,1
12035,HU,202005,163,3
12036,HU,202006,163,2
12037,HU,202007,163,1
12038,HU,202008,163,2
12039,HU,200805,164,1
12040,HU,200807,164,2
12041,HU,200808,164,6
12042,HU,200810,164,2
12043,HU,200811,164,2
12044,HU,200812,164,3
12045,HU,200901,164,11
12046,HU,200902,164,1
12047,HU,200903,164,1
12048,HU,200907,164,8
12049,HU,200908,164,2
12050,HU,200909,164,9
12051,HU,200910,164,7
12052,HU,200912,164,1
12053,HU,201001,164,6
12054,HU,201002,164,2
12055,HU,201003,164,1
12056,HU,201005,164,1
12057,HU,201007,164,19
12058,HU,201008,164,5
12059,HU,201009,164,6
12060,HU,201010,164,9
12061,HU,201011,164,3
12062,HU,201012,164,4
12063,HU,201101,164,3
12064,HU,201103,164,8
12065,HU,201104,164,1
12066,HU,201105,164,6
12067,HU,201106,164,1
12068,HU,201107,164,1
12069,HU,201108,164,1
12070,HU,201109,164,3
12071,HU,201111,164,2
12072,HU,201112,164,19
12073,HU,201201,164,36
12074,HU,201202,164,5
12075,HU,201203,164,5
12076,HU,201204,164,3
12077,HU,201205,164,2
12078,HU,201206,164,3
12079,HU,201207,164,7
12080,HU,201208,164,1
12081,HU,201209,164,15
12082,HU,201210,164,5
12083,HU,201212,164,3
12084,HU,201303,164,9
12085,HU,201307,164,4
12086,HU,201308,164,1
12087,HU,201309,164,4
12088,HU,201312,164,2
12089,HU,201401,164,2
12090,HU,201402,164,2
12091,HU,201403,164,3
12092,HU,201405,164,1
12093,HU,201406,164,1
12094,HU,201407,164,2
12095,HU,201408,164,8
12096,HU,201409,164,1
12097,HU,201411,164,19
12098,HU,201502,164,13
12099,HU,201503,164,2
12100,HU,201504,164,3
12101,HU,201506,164,5
12102,HU,201507,164,3
12103,HU,201508,164,4
12104,HU,201509,164,20
12105,HU,201512,164,7
12106,HU,201601,164,3
12107,HU,201602,164,12
12108,HU,201603,164,3
12109,HU,201606,164,1
12110,HU,201607,164,2
12111,HU,201608,164,1
12112,HU,201609,164,1
12113,HU,201610,164,14
12114,HU,201611,164,7
12115,HU,201701,164,2
12116,HU,201702,164,5
12117,HU,201703,164,4
12118,HU,201705,164,2
12119,HU,201706,164,6
12120,HU,201708,164,2
12121,HU,201709,164,3
12122,HU,201710,164,2
12123,HU,201801,164,5
12124,HU,201802,164,1
12125,HU,201803,164,7
12126,HU,201804,164,2
12127,HU,201805,164,9
12128,HU,201806,164,3
12129,HU,201807,164,9
12130,HU,201808,164,1
12131,HU,201810,164,1
12132,HU,201811,164,14
12133,HU,201901,164,6
12134,HU,201902,164,10
12135,HU,201903,164,5
12136,HU,201905,164,44
12137,HU,201906,164,2
12138,HU,201908,164,4
12139,HU,201909,164,4
12140,HU,201910,164,4
12141,HU,201912,164,3
12142,HU,202001,164,1
12143,HU,202002,164,1
12144,HU,202003,164,11
12145,HU,202004,164,2
12146,HU,202005,164,2
12147,HU,202006,164,2
12148,HU,202007,164,2
12149,HU,202009,164,4
12150,HU,200903,166,1
12151,HU,201008,166,2
12152,HU,201009,166,1
12153,HU,201010,166,7
12154,HU,201104,166,1
12155,HU,201106,166,1
12156,HU,201107,166,1
12157,HU,201204,166,1
12158,HU,201207,166,1
12159,HU,201211,166,1
12160,HU,201212,166,3
12161,HU,201408,166,1
12162,HU,201410,166,2
12163,HU,201506,166,1
12164,HU,201508,166,19
12165,HU,201509,166,5
12166,HU,201601,166,1
12167,HU,201602,166,1
12168,HU,201604,166,1
12169,HU,201611,166,7
12170,HU,201701,166,1
12171,HU,201702,166,1
12172,HU,201703,166,6
12173,HU,201704,166,5
12174,HU,201705,166,3
12175,HU,201709,166,1
12176,HU,201710,166,1
12177,HU,201803,166,2
12178,HU,201804,166,2
12179,HU,201808,166,3
12180,HU,201809,166,4
12181,HU,201903,166,13
12182,HU,201908,166,2
12183,HU,201909,166,6
12184,HU,201912,166,1
12185,HU,202001,166,1
12186,HU,202002,166,2
12187,HU,200806,170,11
12188,HU,200902,170,3
12189,HU,200904,170,1
12190,HU,200905,170,1
12191,HU,200906,170,3
12192,HU,200911,170,4
12193,HU,200912,170,2
12194,HU,201005,170,5
12195,HU,201009,170,2
12196,HU,201010,170,1
12197,HU,201012,170,2
12198,HU,201101,170,10
12199,HU,201102,170,3
12200,HU,201105,170,1
12201,HU,201111,170,1
12202,HU,201201,170,1
12203,HU,201203,170,1
12204,HU,201204,170,2
12205,HU,201301,170,1
12206,HU,201302,170,1
12207,HU,201305,170,3
12208,HU,201308,170,7
12209,HU,201310,170,4
12210,HU,201311,170,1
12211,HU,201312,170,2
12212,HU,201404,170,1
12213,HU,201405,170,7
12214,HU,201406,170,4
12215,HU,201407,170,3
12216,HU,201408,170,3
12217,HU,201409,170,15
12218,HU,201410,170,29
12219,HU,201412,170,1
12220,HU,201501,170,1
12221,HU,201502,170,4
12222,HU,201503,170,14
12223,HU,201505,170,4
12224,HU,201506,170,1
12225,HU,201507,170,5
12226,HU,201508,170,31
12227,HU,201509,170,101
12228,HU,201510,170,30
12229,HU,201511,170,4
12230,HU,201512,170,1
12231,HU,201601,170,11
12232,HU,201603,170,5
12233,HU,201604,170,5
12234,HU,201605,170,4
12235,HU,201606,170,3
12236,HU,201607,170,4
12237,HU,201608,170,3
12238,HU,201609,170,9
12239,HU,201610,170,18
12240,HU,201611,170,2
12241,HU,201612,170,4
12242,HU,201701,170,7
12243,HU,201702,170,12
12244,HU,201703,170,17
12245,HU,201704,170,37
12246,HU,201705,170,23
12247,HU,201706,170,7
12248,HU,201707,170,11
12249,HU,201708,170,2
12250,HU,201709,170,1
12251,HU,201710,170,20
12252,HU,201711,170,6
12253,HU,201801,170,5
12254,HU,201802,170,6
12255,HU,201803,170,14
12256,HU,201804,170,34
12257,HU,201805,170,13
12258,HU,201806,170,14
12259,HU,201807,170,8
12260,HU,201808,170,3
12261,HU,201809,170,11
12262,HU,201810,170,7
12263,HU,201811,170,7
12264,HU,201812,170,5
12265,HU,201901,170,5
12266,HU,201902,170,6
12267,HU,201903,170,13
12268,HU,201904,170,2
12269,HU,201905,170,10
12270,HU,201906,170,4
12271,HU,201907,170,4
12272,HU,201908,170,1
12273,HU,201909,170,2
12274,HU,201910,170,4
12275,HU,201911,170,2
12276,HU,201912,170,12
12277,HU,202001,170,2
12278,HU,202002,170,1
12279,HU,202003,170,5
12280,HU,202004,170,3
12281,HU,202005,170,4
12282,HU,202006,170,3
12283,HU,202008,170,5
12284,HU,202009,170,5
12285,HU,200803,171,2
12286,HU,200804,171,1
12287,HU,200806,171,2
12288,HU,200809,171,1
12289,HU,200810,171,1
12290,HU,200811,171,1
12291,HU,200812,171,3
12292,HU,200901,171,1
12293,HU,200902,171,4
12294,HU,200903,171,3
12295,HU,200904,171,4
12296,HU,200905,171,7
12297,HU,200906,171,3
12298,HU,200908,171,4
12299,HU,200909,171,12
12300,HU,200910,171,15
12301,HU,200911,171,5
12302,HU,200912,171,9
12303,HU,201001,171,2
12304,HU,201002,171,1
12305,HU,201003,171,1
12306,HU,201004,171,5
12307,HU,201005,171,4
12308,HU,201007,171,2
12309,HU,201008,171,16
12310,HU,201009,171,1
12311,HU,201010,171,41
12312,HU,201011,171,7
12313,HU,201012,171,7
12314,HU,201101,171,8
12315,HU,201102,171,1
12316,HU,201103,171,3
12317,HU,201104,171,6
12318,HU,201105,171,1
12319,HU,201106,171,1
12320,HU,201107,171,8
12321,HU,201108,171,7
12322,HU,201110,171,8
12323,HU,201111,171,3
12324,HU,201112,171,3
12325,HU,201201,171,11
12326,HU,201202,171,11
12327,HU,201203,171,2
12328,HU,201204,171,10
12329,HU,201205,171,7
12330,HU,201206,171,5
12331,HU,201207,171,4
12332,HU,201208,171,1
12333,HU,201209,171,3
12334,HU,201210,171,5
12335,HU,201212,171,6
12336,HU,201301,171,3
12337,HU,201302,171,2
12338,HU,201303,171,1
12339,HU,201304,171,1
12340,HU,201305,171,1
12341,HU,201306,171,1
12342,HU,201307,171,3
12343,HU,201308,171,1
12344,HU,201309,171,4
12345,HU,201310,171,4
12346,HU,201312,171,6
12347,HU,201401,171,12
12348,HU,201402,171,10
12349,HU,201403,171,4
12350,HU,201404,171,2
12351,HU,201405,171,1
12352,HU,201406,171,3
12353,HU,201407,171,2
12354,HU,201408,171,1
12355,HU,201409,171,5
12356,HU,201410,171,1
12357,HU,201411,171,6
12358,HU,201412,171,1
12359,HU,201501,171,8
12360,HU,201502,171,5
12361,HU,201503,171,5
12362,HU,201504,171,17
12363,HU,201505,171,9
12364,HU,201506,171,12
12365,HU,201507,171,10
12366,HU,201508,171,40
12367,HU,201509,171,38
12368,HU,201510,171,8
12369,HU,201511,171,7
12370,HU,201512,171,8
12371,HU,201601,171,11
12372,HU,201602,171,11
12373,HU,201603,171,14
12374,HU,201604,171,4
12375,HU,201605,171,10
12376,HU,201606,171,5
12377,HU,201607,171,12
12378,HU,201608,171,10
12379,HU,201609,171,10
12380,HU,201610,171,5
12381,HU,201611,171,26
12382,HU,201612,171,15
12383,HU,201701,171,22
12384,HU,201702,171,2
12385,HU,201703,171,14
12386,HU,201704,171,11
12387,HU,201705,171,27
12388,HU,201706,171,5
12389,HU,201707,171,10
12390,HU,201708,171,9
12391,HU,201709,171,4
12392,HU,201710,171,5
12393,HU,201711,171,9
12394,HU,201712,171,5
12395,HU,201801,171,5
12396,HU,201802,171,8
12397,HU,201803,171,9
12398,HU,201804,171,5
12399,HU,201805,171,14
12400,HU,201806,171,8
12401,HU,201807,171,7
12402,HU,201808,171,7
12403,HU,201809,171,2
12404,HU,201810,171,9
12405,HU,201811,171,4
12406,HU,201812,171,9
12407,HU,201901,171,4
12408,HU,201902,171,4
12409,HU,201903,171,6
12410,HU,201904,171,6
12411,HU,201905,171,6
12412,HU,201906,171,8
12413,HU,201907,171,8
12414,HU,201908,171,3
12415,HU,201909,171,1
12416,HU,201910,171,14
12417,HU,201911,171,8
12418,HU,201912,171,5
12419,HU,202001,171,7
12420,HU,202002,171,21
12421,HU,202003,171,5
12422,HU,202004,171,4
12423,HU,202005,171,3
12424,HU,202006,171,7
12425,HU,202007,171,5
12426,HU,202008,171,10
12427,HU,202009,171,8
12428,HU,200803,172,2
12429,HU,200804,172,1
12430,HU,200805,172,4
12431,HU,200806,172,17
12432,HU,200807,172,9
12433,HU,200808,172,1
12434,HU,200810,172,8
12435,HU,200811,172,5
12436,HU,200812,172,19
12437,HU,200901,172,87
12438,HU,200902,172,73
12439,HU,200903,172,111
12440,HU,200904,172,132
12441,HU,200905,172,109
12442,HU,200906,172,65
12443,HU,200907,172,42
12444,HU,200908,172,139
12445,HU,200909,172,51
12446,HU,200910,172,22
12447,HU,200911,172,24
12448,HU,200912,172,29
12449,HU,201001,172,24
12450,HU,201002,172,33
12451,HU,201003,172,1
12452,HU,201004,172,40
12453,HU,201005,172,11
12454,HU,201006,172,10
12455,HU,201007,172,17
12456,HU,201008,172,17
12457,HU,201009,172,13
12458,HU,201010,172,70
12459,HU,201011,172,22
12460,HU,201012,172,53
12461,HU,201101,172,38
12462,HU,201102,172,40
12463,HU,201103,172,41
12464,HU,201104,172,30
12465,HU,201105,172,19
12466,HU,201106,172,31
12467,HU,201107,172,18
12468,HU,201108,172,8
12469,HU,201109,172,33
12470,HU,201110,172,24
12471,HU,201111,172,11
12472,HU,201112,172,23
12473,HU,201201,172,34
12474,HU,201202,172,39
12475,HU,201203,172,66
12476,HU,201204,172,20
12477,HU,201205,172,15
12478,HU,201206,172,30
12479,HU,201207,172,22
12480,HU,201208,172,32
12481,HU,201209,172,21
12482,HU,201210,172,50
12483,HU,201211,172,17
12484,HU,201212,172,28
12485,HU,201301,172,12
12486,HU,201302,172,22
12487,HU,201303,172,30
12488,HU,201304,172,10
12489,HU,201305,172,25
12490,HU,201306,172,47
12491,HU,201307,172,33
12492,HU,201308,172,34
12493,HU,201309,172,35
12494,HU,201310,172,57
12495,HU,201311,172,60
12496,HU,201312,172,33
12497,HU,201401,172,28
12498,HU,201402,172,49
12499,HU,201403,172,106
12500,HU,201404,172,29
12501,HU,201405,172,32
12502,HU,201406,172,38
12503,HU,201407,172,61
12504,HU,201408,172,27
12505,HU,201409,172,35
12506,HU,201410,172,254
12507,HU,201411,172,145
12508,HU,201412,172,154
12509,HU,201501,172,112
12510,HU,201502,172,78
12511,HU,201503,172,79
12512,HU,201504,172,46
12513,HU,201505,172,71
12514,HU,201506,172,168
12515,HU,201507,172,113
12516,HU,201508,172,211
12517,HU,201509,172,1301
12518,HU,201510,172,909
12519,HU,201511,172,232
12520,HU,201512,172,119
12521,HU,201601,172,102
12522,HU,201602,172,120
12523,HU,201603,172,155
12524,HU,201604,172,163
12525,HU,201605,172,114
12526,HU,201606,172,109
12527,HU,201607,172,75
12528,HU,201608,172,112
12529,HU,201609,172,126
12530,HU,201610,172,166
12531,HU,201611,172,167
12532,HU,201612,172,109
12533,HU,201701,172,101
12534,HU,201702,172,155
12535,HU,201703,172,187
12536,HU,201704,172,220
12537,HU,201705,172,93
12538,HU,201706,172,63
12539,HU,201707,172,71
12540,HU,201708,172,48
12541,HU,201709,172,66
12542,HU,201710,172,58
12543,HU,201711,172,93
12544,HU,201712,172,40
12545,HU,201801,172,76
12546,HU,201802,172,81
12547,HU,201803,172,84
12548,HU,201804,172,126
12549,HU,201805,172,83
12550,HU,201806,172,99
12551,HU,201807,172,69
12552,HU,201808,172,96
12553,HU,201809,172,97
12554,HU,201810,172,131
12555,HU,201811,172,75
12556,HU,201812,172,87
12557,HU,201901,172,46
12558,HU,201902,172,59
12559,HU,201903,172,79
12560,HU,201904,172,55
12561,HU,201905,172,80
12562,HU,201906,172,49
12563,HU,201907,172,80
12564,HU,201908,172,38
12565,HU,201909,172,33
12566,HU,201910,172,52
12567,HU,201911,172,78
12568,HU,201912,172,58
12569,HU,202001,172,51
12570,HU,202002,172,57
12571,HU,202003,172,280
12572,HU,202004,172,122
12573,HU,202005,172,109
12574,HU,202006,172,64
12575,HU,202007,172,73
12576,HU,202008,172,69
12577,HU,202009,172,102
12578,HU,200803,173,1
12579,HU,200804,173,12
12580,HU,200805,173,12
12581,HU,200806,173,14
12582,HU,200807,173,34
12583,HU,200808,173,18
12584,HU,200809,173,14
12585,HU,200810,173,16
12586,HU,200811,173,26
12587,HU,200812,173,15
12588,HU,200901,173,43
12589,HU,200902,173,75
12590,HU,200903,173,34
12591,HU,200904,173,123
12592,HU,200905,173,67
12593,HU,200906,173,52
12594,HU,200907,173,40
12595,HU,200908,173,106
12596,HU,200909,173,80
12597,HU,200910,173,61
12598,HU,200911,173,51
12599,HU,200912,173,62
12600,HU,201001,173,31
12601,HU,201002,173,53
12602,HU,201003,173,7
12603,HU,201004,173,45
12604,HU,201005,173,23
12605,HU,201006,173,41
12606,HU,201007,173,29
12607,HU,201008,173,30
12608,HU,201009,173,38
12609,HU,201010,173,143
12610,HU,201011,173,30
12611,HU,201012,173,43
12612,HU,201101,173,54
12613,HU,201102,173,76
12614,HU,201103,173,70
12615,HU,201104,173,82
12616,HU,201105,173,153
12617,HU,201106,173,38
12618,HU,201107,173,156
12619,HU,201108,173,70
12620,HU,201109,173,54
12621,HU,201110,173,60
12622,HU,201111,173,64
12623,HU,201112,173,51
12624,HU,201201,173,81
12625,HU,201202,173,76
12626,HU,201203,173,35
12627,HU,201204,173,50
12628,HU,201205,173,72
12629,HU,201206,173,63
12630,HU,201207,173,299
12631,HU,201208,173,189
12632,HU,201209,173,355
12633,HU,201210,173,108
12634,HU,201211,173,93
12635,HU,201212,173,86
12636,HU,201301,173,52
12637,HU,201302,173,36
12638,HU,201303,173,57
12639,HU,201304,173,17
12640,HU,201305,173,23
12641,HU,201306,173,174
12642,HU,201307,173,103
12643,HU,201308,173,271
12644,HU,201309,173,58
12645,HU,201310,173,124
12646,HU,201311,173,65
12647,HU,201312,173,50
12648,HU,201401,173,75
12649,HU,201402,173,61
12650,HU,201403,173,111
12651,HU,201404,173,62
12652,HU,201405,173,149
12653,HU,201406,173,89
12654,HU,201407,173,80
12655,HU,201408,173,42
12656,HU,201409,173,47
12657,HU,201410,173,71
12658,HU,201411,173,83
12659,HU,201412,173,92
12660,HU,201501,173,51
12661,HU,201502,173,150
12662,HU,201503,173,87
12663,HU,201504,173,135
12664,HU,201505,173,133
12665,HU,201506,173,137
12666,HU,201507,173,207
12667,HU,201508,173,1103
12668,HU,201509,173,1205
12669,HU,201510,173,274
12670,HU,201511,173,219
12671,HU,201512,173,218
12672,HU,201601,173,180
12673,HU,201602,173,223
12674,HU,201603,173,212
12675,HU,201604,173,149
12676,HU,201605,173,151
12677,HU,201606,173,119
12678,HU,201607,173,209
12679,HU,201608,173,128
12680,HU,201609,173,216
12681,HU,201610,173,184
12682,HU,201611,173,177
12683,HU,201612,173,160
12684,HU,201701,173,196
12685,HU,201702,173,172
12686,HU,201703,173,226
12687,HU,201704,173,151
12688,HU,201705,173,236
12689,HU,201706,173,162
12690,HU,201707,173,122
12691,HU,201708,173,86
12692,HU,201709,173,58
12693,HU,201710,173,117
12694,HU,201711,173,97
12695,HU,201712,173,155
12696,HU,201801,173,154
12697,HU,201802,173,86
12698,HU,201803,173,194
12699,HU,201804,173,114
12700,HU,201805,173,83
12701,HU,201806,173,215
12702,HU,201807,173,102
12703,HU,201808,173,52
12704,HU,201809,173,157
12705,HU,201810,173,108
12706,HU,201811,173,235
12707,HU,201812,173,155
12708,HU,201901,173,103
12709,HU,201902,173,191
12710,HU,201903,173,148
12711,HU,201904,173,90
12712,HU,201905,173,130
12713,HU,201906,173,207
12714,HU,201907,173,104
12715,HU,201908,173,68
12716,HU,201909,173,102
12717,HU,201910,173,121
12718,HU,201911,173,88
12719,HU,201912,173,89
12720,HU,202001,173,71
12721,HU,202002,173,53
12722,HU,202003,173,83
12723,HU,202004,173,91
12724,HU,202005,173,95
12725,HU,202006,173,40
12726,HU,202007,173,64
12727,HU,202008,173,52
12728,HU,202009,173,48
12729,HU,200805,174,4
12730,HU,200808,174,8
12731,HU,200810,174,3
12732,HU,200811,174,12
12733,HU,200812,174,1
12734,HU,200902,174,1
12735,HU,200903,174,2
12736,HU,200904,174,6
12737,HU,200905,174,5
12738,HU,200906,174,1
12739,HU,200907,174,1
12740,HU,200908,174,11
12741,HU,200909,174,1
12742,HU,200910,174,22
12743,HU,200911,174,14
12744,HU,200912,174,5
12745,HU,201001,174,2
12746,HU,201002,174,1
12747,HU,201003,174,2
12748,HU,201004,174,4
12749,HU,201005,174,4
12750,HU,201006,174,1
12751,HU,201007,174,9
12752,HU,201008,174,1
12753,HU,201009,174,2
12754,HU,201010,174,24
12755,HU,201011,174,3
12756,HU,201012,174,5
12757,HU,201101,174,7
12758,HU,201102,174,3
12759,HU,201104,174,5
12760,HU,201105,174,9
12761,HU,201106,174,1
12762,HU,201107,174,19
12763,HU,201108,174,3
12764,HU,201109,174,1
12765,HU,201110,174,3
12766,HU,201111,174,3
12767,HU,201112,174,3
12768,HU,201201,174,4
12769,HU,201202,174,6
12770,HU,201203,174,1
12771,HU,201204,174,6
12772,HU,201206,174,22
12773,HU,201207,174,33
12774,HU,201208,174,49
12775,HU,201209,174,155
12776,HU,201210,174,35
12777,HU,201211,174,14
12778,HU,201212,174,19
12779,HU,201301,174,4
12780,HU,201302,174,3
12781,HU,201303,174,2
12782,HU,201304,174,4
12783,HU,201305,174,6
12784,HU,201306,174,18
12785,HU,201307,174,9
12786,HU,201308,174,22
12787,HU,201309,174,10
12788,HU,201310,174,3
12789,HU,201311,174,6
12790,HU,201312,174,2
12791,HU,201401,174,7
12792,HU,201402,174,15
12793,HU,201403,174,12
12794,HU,201404,174,5
12795,HU,201405,174,4
12796,HU,201406,174,10
12797,HU,201407,174,7
12798,HU,201408,174,11
12799,HU,201409,174,6
12800,HU,201410,174,2
12801,HU,201411,174,7
12802,HU,201412,174,6
12803,HU,201501,174,3
12804,HU,201502,174,7
12805,HU,201503,174,12
12806,HU,201504,174,14
12807,HU,201505,174,13
12808,HU,201506,174,8
12809,HU,201507,174,7
12810,HU,201508,174,37
12811,HU,201509,174,81
12812,HU,201510,174,24
12813,HU,201511,174,18
12814,HU,201512,174,1
12815,HU,201601,174,11
12816,HU,201602,174,16
12817,HU,201603,174,16
12818,HU,201604,174,21
12819,HU,201605,174,9
12820,HU,201606,174,8
12821,HU,201607,174,47
12822,HU,201608,174,1
12823,HU,201609,174,70
12824,HU,201610,174,13
12825,HU,201611,174,14
12826,HU,201612,174,23
12827,HU,201701,174,18
12828,HU,201702,174,15
12829,HU,201703,174,21
12830,HU,201704,174,21
12831,HU,201705,174,18
12832,HU,201706,174,24
12833,HU,201708,174,1
12834,HU,201709,174,9
12835,HU,201710,174,10
12836,HU,201711,174,3
12837,HU,201712,174,5
12838,HU,201801,174,28
12839,HU,201802,174,11
12840,HU,201803,174,26
12841,HU,201804,174,28
12842,HU,201805,174,11
12843,HU,201806,174,6
12844,HU,201807,174,7
12845,HU,201808,174,16
12846,HU,201809,174,21
12847,HU,201810,174,61
12848,HU,201811,174,113
12849,HU,201812,174,38
12850,HU,201901,174,20
12851,HU,201902,174,25
12852,HU,201903,174,37
12853,HU,201904,174,8
12854,HU,201905,174,56
12855,HU,201906,174,9
12856,HU,201907,174,18
12857,HU,201908,174,8
12858,HU,201909,174,5
12859,HU,201910,174,5
12860,HU,201911,174,7
12861,HU,201912,174,13
12862,HU,202001,174,12
12863,HU,202002,174,7
12864,HU,202003,174,8
12865,HU,202004,174,8
12866,HU,202005,174,14
12867,HU,202006,174,9
12868,HU,202007,174,4
12869,HU,202008,174,3
12870,HU,202009,174,6
12871,HU,200803,175,8
12872,HU,200804,175,2
12873,HU,200807,175,8
12874,HU,200809,175,1
12875,HU,200903,175,9
12876,HU,200904,175,9
12877,HU,200907,175,7
12878,HU,200908,175,1
12879,HU,200912,175,4
12880,HU,201005,175,3
12881,HU,201012,175,1
12882,HU,201102,175,2
12883,HU,201104,175,1
12884,HU,201109,175,1
12885,HU,201110,175,2
12886,HU,201111,175,1
12887,HU,201112,175,9
12888,HU,201201,175,2
12889,HU,201202,175,3
12890,HU,201204,175,2
12891,HU,201207,175,4
12892,HU,201208,175,1
12893,HU,201209,175,2
12894,HU,201212,175,6
12895,HU,201303,175,1
12896,HU,201309,175,1
12897,HU,201310,175,2
12898,HU,201312,175,2
12899,HU,201403,175,2
12900,HU,201404,175,4
12901,HU,201406,175,1
12902,HU,201407,175,3
12903,HU,201409,175,2
12904,HU,201410,175,1
12905,HU,201411,175,1
12906,HU,201412,175,2
12907,HU,201506,175,25
12908,HU,201507,175,7
12909,HU,201508,175,50
12910,HU,201509,175,192
12911,HU,201510,175,9
12912,HU,201511,175,3
12913,HU,201512,175,3
12914,HU,201602,175,17
12915,HU,201603,175,9
12916,HU,201604,175,6
12917,HU,201606,175,2
12918,HU,201607,175,3
12919,HU,201608,175,1
12920,HU,201610,175,7
12921,HU,201611,175,2
12922,HU,201612,175,1
12923,HU,201702,175,3
12924,HU,201703,175,1
12925,HU,201704,175,2
12926,HU,201707,175,1
12927,HU,201710,175,1
12928,HU,201711,175,1
12929,HU,201801,175,3
12930,HU,201803,175,1
12931,HU,201805,175,6
12932,HU,201806,175,1
12933,HU,201809,175,1
12934,HU,201810,175,5
12935,HU,201811,175,5
12936,HU,201812,175,44
12937,HU,201901,175,8
12938,HU,201902,175,1
12939,HU,201905,175,1
12940,HU,201906,175,5
12941,HU,201907,175,1
12942,HU,201911,175,2
12943,HU,202001,175,2
12944,HU,202003,175,4
12945,HU,202005,175,6
12946,HU,202006,175,1
12947,HU,202007,175,1
12948,HU,202009,175,1
12949,HU,200803,180,1
12950,HU,200804,180,5
12951,HU,200805,180,6
12952,HU,200806,180,1
12953,HU,200807,180,3
12954,HU,200808,180,14
12955,HU,200809,180,6
12956,HU,200810,180,7
12957,HU,200811,180,1
12958,HU,200812,180,3
12959,HU,200902,180,4
12960,HU,200903,180,7
12961,HU,200904,180,27
12962,HU,200905,180,13
12963,HU,200906,180,8
12964,HU,200907,180,2
12965,HU,200908,180,20
12966,HU,200909,180,5
12967,HU,200910,180,4
12968,HU,200911,180,2
12969,HU,200912,180,11
12970,HU,201001,180,2
12971,HU,201002,180,2
12972,HU,201003,180,2
12973,HU,201004,180,2
12974,HU,201005,180,1
12975,HU,201006,180,1
12976,HU,201007,180,4
12977,HU,201009,180,5
12978,HU,201010,180,5
12979,HU,201011,180,10
12980,HU,201012,180,4
12981,HU,201101,180,5
12982,HU,201102,180,4
12983,HU,201103,180,4
12984,HU,201104,180,6
12985,HU,201105,180,11
12986,HU,201106,180,7
12987,HU,201107,180,10
12988,HU,201108,180,18
12989,HU,201109,180,3
12990,HU,201110,180,4
12991,HU,201111,180,3
12992,HU,201112,180,3
12993,HU,201201,180,13
12994,HU,201202,180,4
12995,HU,201204,180,4
12996,HU,201205,180,8
12997,HU,201206,180,9
12998,HU,201207,180,12
12999,HU,201208,180,11
13000,HU,201209,180,10
13001,HU,201210,180,11
13002,HU,201211,180,4
13003,HU,201212,180,1
13004,HU,201301,180,8
13005,HU,201302,180,16
13006,HU,201303,180,9
13007,HU,201304,180,3
13008,HU,201305,180,5
13009,HU,201306,180,8
13010,HU,201307,180,2
13011,HU,201308,180,6
13012,HU,201309,180,6
13013,HU,201310,180,18
13014,HU,201311,180,19
13015,HU,201312,180,3
13016,HU,201401,180,4
13017,HU,201402,180,8
13018,HU,201403,180,9
13019,HU,201404,180,9
13020,HU,201405,180,15
13021,HU,201406,180,3
13022,HU,201407,180,4
13023,HU,201408,180,5
13024,HU,201409,180,19
13025,HU,201410,180,5
13026,HU,201411,180,14
13027,HU,201412,180,16
13028,HU,201501,180,9
13029,HU,201502,180,11
13030,HU,201503,180,14
13031,HU,201504,180,13
13032,HU,201505,180,13
13033,HU,201506,180,3
13034,HU,201507,180,18
13035,HU,201508,180,31
13036,HU,201509,180,73
13037,HU,201510,180,16
13038,HU,201511,180,16
13039,HU,201512,180,8
13040,HU,201601,180,17
13041,HU,201602,180,19
13042,HU,201603,180,25
13043,HU,201604,180,20
13044,HU,201605,180,15
13045,HU,201606,180,11
13046,HU,201607,180,10
13047,HU,201608,180,16
13048,HU,201609,180,31
13049,HU,201610,180,24
13050,HU,201611,180,23
13051,HU,201612,180,22
13052,HU,201701,180,25
13053,HU,201702,180,23
13054,HU,201703,180,48
13055,HU,201704,180,27
13056,HU,201705,180,29
13057,HU,201706,180,20
13058,HU,201707,180,27
13059,HU,201708,180,11
13060,HU,201709,180,5
13061,HU,201710,180,23
13062,HU,201711,180,21
13063,HU,201712,180,31
13064,HU,201801,180,15
13065,HU,201802,180,22
13066,HU,201803,180,27
13067,HU,201804,180,19
13068,HU,201805,180,15
13069,HU,201806,180,17
13070,HU,201807,180,29
13071,HU,201808,180,5
13072,HU,201809,180,28
13073,HU,201810,180,19
13074,HU,201811,180,13
13075,HU,201812,180,33
13076,HU,201901,180,34
13077,HU,201902,180,21
13078,HU,201903,180,16
13079,HU,201904,180,11
13080,HU,201905,180,6
13081,HU,201906,180,9
13082,HU,201907,180,24
13083,HU,201908,180,10
13084,HU,201909,180,8
13085,HU,201910,180,21
13086,HU,201911,180,10
13087,HU,201912,180,8
13088,HU,202001,180,11
13089,HU,202002,180,4
13090,HU,202003,180,4
13091,HU,202004,180,21
13092,HU,202005,180,20
13093,HU,202006,180,6
13094,HU,202007,180,10
13095,HU,202008,180,7
13096,HU,202009,180,24
13097,HU,200803,181,1
13098,HU,200804,181,1
13099,HU,200810,181,1
13100,HU,200901,181,9
13101,HU,200903,181,2
13102,HU,200904,181,4
13103,HU,200905,181,3
13104,HU,200907,181,1
13105,HU,200908,181,5
13106,HU,200910,181,1
13107,HU,200911,181,1
13108,HU,200912,181,7
13109,HU,201001,181,1
13110,HU,201002,181,2
13111,HU,201010,181,5
13112,HU,201011,181,5
13113,HU,201101,181,29
13114,HU,201104,181,5
13115,HU,201108,181,2
13116,HU,201109,181,1
13117,HU,201201,181,1
13118,HU,201202,181,1
13119,HU,201204,181,22
13120,HU,201205,181,1
13121,HU,201206,181,2
13122,HU,201207,181,1
13123,HU,201208,181,10
13124,HU,201209,181,1
13125,HU,201210,181,1
13126,HU,201211,181,1
13127,HU,201302,181,2
13128,HU,201303,181,2
13129,HU,201304,181,8
13130,HU,201305,181,10
13131,HU,201306,181,2
13132,HU,201308,181,1
13133,HU,201309,181,1
13134,HU,201310,181,6
13135,HU,201311,181,3
13136,HU,201402,181,2
13137,HU,201403,181,2
13138,HU,201404,181,3
13139,HU,201405,181,10
13140,HU,201407,181,2
13141,HU,201408,181,1
13142,HU,201409,181,2
13143,HU,201410,181,8
13144,HU,201411,181,5
13145,HU,201412,181,6
13146,HU,201501,181,5
13147,HU,201502,181,2
13148,HU,201503,181,4
13149,HU,201504,181,5
13150,HU,201505,181,4
13151,HU,201507,181,1
13152,HU,201508,181,1
13153,HU,201509,181,20
13154,HU,201510,181,7
13155,HU,201511,181,3
13156,HU,201512,181,9
13157,HU,201601,181,4
13158,HU,201602,181,2
13159,HU,201603,181,14
13160,HU,201604,181,9
13161,HU,201605,181,2
13162,HU,201606,181,5
13163,HU,201607,181,1
13164,HU,201608,181,1
13165,HU,201610,181,14
13166,HU,201611,181,4
13167,HU,201612,181,6
13168,HU,201701,181,2
13169,HU,201702,181,2
13170,HU,201703,181,2
13171,HU,201704,181,1
13172,HU,201705,181,12
13173,HU,201706,181,4
13174,HU,201707,181,6
13175,HU,201708,181,3
13176,HU,201709,181,6
13177,HU,201710,181,21
13178,HU,201711,181,9
13179,HU,201712,181,4
13180,HU,201801,181,5
13181,HU,201802,181,4
13182,HU,201803,181,2
13183,HU,201804,181,5
13184,HU,201805,181,4
13185,HU,201806,181,2
13186,HU,201807,181,1
13187,HU,201808,181,3
13188,HU,201809,181,6
13189,HU,201810,181,8
13190,HU,201811,181,4
13191,HU,201812,181,7
13192,HU,201901,181,3
13193,HU,201903,181,1
13194,HU,201904,181,4
13195,HU,201905,181,3
13196,HU,201906,181,10
13197,HU,201907,181,1
13198,HU,201910,181,2
13199,HU,201911,181,4
13200,HU,201912,181,5
13201,HU,202001,181,2
13202,HU,202002,181,1
13203,HU,202003,181,1
13204,HU,202004,181,5
13205,HU,202005,181,5
13206,HU,202007,181,2
13207,HU,202009,181,1
13208,HU,200803,182,1
13209,HU,200804,182,2
13210,HU,200806,182,2
13211,HU,200807,182,7
13212,HU,200809,182,3
13213,HU,200810,182,2
13214,HU,200812,182,2
13215,HU,200901,182,7
13216,HU,200902,182,3
13217,HU,200904,182,13
13218,HU,200905,182,3
13219,HU,200906,182,2
13220,HU,200907,182,9
13221,HU,200908,182,11
13222,HU,200909,182,4
13223,HU,200910,182,13
13224,HU,200911,182,24
13225,HU,200912,182,1
13226,HU,201001,182,1
13227,HU,201002,182,3
13228,HU,201003,182,1
13229,HU,201004,182,6
13230,HU,201007,182,1
13231,HU,201008,182,4
13232,HU,201009,182,11
13233,HU,201010,182,31
13234,HU,201011,182,4
13235,HU,201101,182,5
13236,HU,201102,182,1
13237,HU,201103,182,6
13238,HU,201104,182,4
13239,HU,201105,182,4
13240,HU,201106,182,6
13241,HU,201108,182,3
13242,HU,201109,182,1
13243,HU,201110,182,5
13244,HU,201111,182,14
13245,HU,201201,182,5
13246,HU,201202,182,1
13247,HU,201203,182,2
13248,HU,201204,182,6
13249,HU,201206,182,2
13250,HU,201207,182,37
13251,HU,201208,182,26
13252,HU,201209,182,54
13253,HU,201210,182,10
13254,HU,201211,182,4
13255,HU,201302,182,2
13256,HU,201303,182,5
13257,HU,201304,182,3
13258,HU,201306,182,16
13259,HU,201307,182,11
13260,HU,201308,182,13
13261,HU,201309,182,3
13262,HU,201310,182,6
13263,HU,201311,182,10
13264,HU,201312,182,2
13265,HU,201401,182,6
13266,HU,201403,182,9
13267,HU,201404,182,5
13268,HU,201405,182,6
13269,HU,201407,182,1
13270,HU,201408,182,9
13271,HU,201409,182,10
13272,HU,201410,182,2
13273,HU,201411,182,33
13274,HU,201412,182,10
13275,HU,201501,182,14
13276,HU,201502,182,14
13277,HU,201503,182,10
13278,HU,201504,182,10
13279,HU,201505,182,7
13280,HU,201506,182,1
13281,HU,201507,182,19
13282,HU,201508,182,98
13283,HU,201509,182,219
13284,HU,201510,182,24
13285,HU,201511,182,8
13286,HU,201512,182,10
13287,HU,201601,182,11
13288,HU,201602,182,24
13289,HU,201603,182,17
13290,HU,201604,182,7
13291,HU,201605,182,16
13292,HU,201606,182,8
13293,HU,201607,182,22
13294,HU,201608,182,39
13295,HU,201609,182,32
13296,HU,201610,182,40
13297,HU,201611,182,20
13298,HU,201612,182,25
13299,HU,201701,182,68
13300,HU,201702,182,48
13301,HU,201703,182,32
13302,HU,201704,182,14
13303,HU,201705,182,16
13304,HU,201706,182,46
13305,HU,201707,182,33
13306,HU,201708,182,14
13307,HU,201709,182,20
13308,HU,201710,182,13
13309,HU,201711,182,6
13310,HU,201712,182,11
13311,HU,201801,182,7
13312,HU,201802,182,9
13313,HU,201803,182,26
13314,HU,201804,182,19
13315,HU,201805,182,7
13316,HU,201806,182,8
13317,HU,201807,182,12
13318,HU,201808,182,10
13319,HU,201809,182,14
13320,HU,201810,182,8
13321,HU,201811,182,10
13322,HU,201812,182,9
13323,HU,201901,182,8
13324,HU,201902,182,8
13325,HU,201903,182,18
13326,HU,201904,182,5
13327,HU,201905,182,17
13328,HU,201906,182,14
13329,HU,201907,182,8
13330,HU,201908,182,7
13331,HU,201909,182,13
13332,HU,201910,182,21
13333,HU,201911,182,8
13334,HU,201912,182,12
13335,HU,202001,182,25
13336,HU,202002,182,7
13337,HU,202003,182,13
13338,HU,202004,182,5
13339,HU,202005,182,13
13340,HU,202006,182,9
13341,HU,202008,182,11
13342,HU,202009,182,4
13343,HU,200806,183,1
13344,HU,200807,183,4
13345,HU,200810,183,1
13346,HU,200812,183,2
13347,HU,200903,183,2
13348,HU,200904,183,1
13349,HU,200905,183,6
13350,HU,200907,183,1
13351,HU,201006,183,1
13352,HU,201010,183,6
13353,HU,201104,183,4
13354,HU,201110,183,1
13355,HU,201111,183,1
13356,HU,201203,183,1
13357,HU,201208,183,2
13358,HU,201306,183,2
13359,HU,201308,183,1
13360,HU,201309,183,1
13361,HU,201311,183,2
13362,HU,201401,183,3
13363,HU,201404,183,1
13364,HU,201405,183,4
13365,HU,201406,183,3
13366,HU,201507,183,3
13367,HU,201508,183,2
13368,HU,201509,183,5
13369,HU,201510,183,1
13370,HU,201511,183,3
13371,HU,201512,183,15
13372,HU,201601,183,3
13373,HU,201603,183,14
13374,HU,201604,183,14
13375,HU,201607,183,3
13376,HU,201608,183,1
13377,HU,201609,183,28
13378,HU,201610,183,1
13379,HU,201611,183,6
13380,HU,201612,183,2
13381,HU,201701,183,2
13382,HU,201702,183,5
13383,HU,201704,183,2
13384,HU,201705,183,6
13385,HU,201706,183,2
13386,HU,201708,183,2
13387,HU,201801,183,1
13388,HU,201802,183,2
13389,HU,201804,183,2
13390,HU,201805,183,2
13391,HU,201806,183,3
13392,HU,201809,183,2
13393,HU,201810,183,12
13394,HU,201812,183,1
13395,HU,201902,183,1
13396,HU,201903,183,4
13397,HU,201910,183,2
13398,HU,202008,183,1
13399,HU,201611,184,10
13400,HU,201707,184,1
13401,HU,201804,184,1
13402,HU,200904,185,2
13403,HU,201301,185,2
13404,HU,201311,185,1
13405,HU,201505,185,1
13406,HU,201706,185,1
13407,HU,201707,185,2
13408,HU,201711,185,2
13409,HU,201712,185,1
13410,HU,201802,185,3
13411,HU,201804,185,2
13412,HU,201906,185,1
13413,HU,200803,186,1
13414,HU,200805,186,5
13415,HU,200808,186,1
13416,HU,200903,186,3
13417,HU,200904,186,33
13418,HU,200905,186,9
13419,HU,200907,186,4
13420,HU,200908,186,1
13421,HU,200910,186,10
13422,HU,201008,186,3
13423,HU,201009,186,3
13424,HU,201010,186,6
13425,HU,201011,186,6
13426,HU,201101,186,2
13427,HU,201102,186,5
13428,HU,201103,186,2
13429,HU,201105,186,3
13430,HU,201106,186,2
13431,HU,201107,186,12
13432,HU,201108,186,1
13433,HU,201109,186,2
13434,HU,201110,186,4
13435,HU,201111,186,4
13436,HU,201112,186,10
13437,HU,201201,186,4
13438,HU,201203,186,2
13439,HU,201204,186,4
13440,HU,201205,186,2
13441,HU,201206,186,5
13442,HU,201208,186,6
13443,HU,201209,186,6
13444,HU,201212,186,2
13445,HU,201303,186,6
13446,HU,201304,186,1
13447,HU,201305,186,1
13448,HU,201306,186,2
13449,HU,201307,186,11
13450,HU,201308,186,7
13451,HU,201310,186,8
13452,HU,201311,186,8
13453,HU,201401,186,3
13454,HU,201402,186,4
13455,HU,201403,186,1
13456,HU,201404,186,3
13457,HU,201405,186,6
13458,HU,201406,186,48
13459,HU,201407,186,44
13460,HU,201408,186,8
13461,HU,201409,186,2
13462,HU,201410,186,7
13463,HU,201411,186,3
13464,HU,201501,186,3
13465,HU,201502,186,10
13466,HU,201503,186,7
13467,HU,201504,186,6
13468,HU,201505,186,1
13469,HU,201506,186,5
13470,HU,201507,186,18
13471,HU,201508,186,4
13472,HU,201509,186,7
13473,HU,201510,186,11
13474,HU,201511,186,7
13475,HU,201512,186,14
13476,HU,201601,186,16
13477,HU,201602,186,7
13478,HU,201603,186,2
13479,HU,201604,186,12
13480,HU,201605,186,13
13481,HU,201606,186,7
13482,HU,201607,186,6
13483,HU,201608,186,14
13484,HU,201609,186,12
13485,HU,201610,186,16
13486,HU,201611,186,13
13487,HU,201612,186,17
13488,HU,201701,186,2
13489,HU,201702,186,13
13490,HU,201703,186,11
13491,HU,201704,186,22
13492,HU,201705,186,6
13493,HU,201706,186,17
13494,HU,201707,186,4
13495,HU,201708,186,4
13496,HU,201709,186,10
13497,HU,201710,186,5
13498,HU,201711,186,6
13499,HU,201712,186,3
13500,HU,201801,186,12
13501,HU,201802,186,7
13502,HU,201803,186,11
13503,HU,201804,186,5
13504,HU,201805,186,13
13505,HU,201806,186,5
13506,HU,201807,186,6
13507,HU,201808,186,10
13508,HU,201809,186,3
13509,HU,201810,186,11
13510,HU,201811,186,12
13511,HU,201812,186,7
13512,HU,201901,186,7
13513,HU,201902,186,7
13514,HU,201903,186,5
13515,HU,201904,186,5
13516,HU,201905,186,3
13517,HU,201906,186,9
13518,HU,201907,186,6
13519,HU,201908,186,1
13520,HU,201909,186,4
13521,HU,201910,186,7
13522,HU,201911,186,7
13523,HU,201912,186,2
13524,HU,202001,186,3
13525,HU,202002,186,3
13526,HU,202003,186,2
13527,HU,202004,186,1
13528,HU,202005,186,3
13529,HU,202006,186,3
13530,HU,202007,186,4
13531,HU,202008,186,4
13532,HU,202009,186,13
13533,HU,200803,190,13
13534,HU,200804,190,20
13535,HU,200805,190,32
13536,HU,200806,190,17
13537,HU,200807,190,70
13538,HU,200808,190,29
13539,HU,200809,190,26
13540,HU,200810,190,21
13541,HU,200811,190,24
13542,HU,200812,190,17
13543,HU,200901,190,39
13544,HU,200902,190,59
13545,HU,200903,190,64
13546,HU,200904,190,145
13547,HU,200905,190,77
13548,HU,200906,190,69
13549,HU,200907,190,39
13550,HU,200908,190,230
13551,HU,200909,190,57
13552,HU,200910,190,71
13553,HU,200911,190,70
13554,HU,200912,190,33
13555,HU,201001,190,20
13556,HU,201002,190,39
13557,HU,201003,190,10
13558,HU,201004,190,41
13559,HU,201005,190,25
13560,HU,201006,190,13
13561,HU,201007,190,38
13562,HU,201008,190,84
13563,HU,201009,190,65
13564,HU,201010,190,153
13565,HU,201011,190,38
13566,HU,201012,190,41
13567,HU,201101,190,69
13568,HU,201102,190,51
13569,HU,201103,190,69
13570,HU,201104,190,92
13571,HU,201105,190,106
13572,HU,201106,190,82
13573,HU,201107,190,69
13574,HU,201108,190,46
13575,HU,201109,190,42
13576,HU,201110,190,35
13577,HU,201111,190,53
13578,HU,201112,190,57
13579,HU,201201,190,116
13580,HU,201202,190,79
13581,HU,201203,190,82
13582,HU,201204,190,109
13583,HU,201205,190,77
13584,HU,201206,190,49
13585,HU,201207,190,103
13586,HU,201208,190,125
13587,HU,201209,190,257
13588,HU,201210,190,81
13589,HU,201211,190,41
13590,HU,201212,190,71
13591,HU,201301,190,40
13592,HU,201302,190,52
13593,HU,201303,190,134
13594,HU,201304,190,23
13595,HU,201305,190,45
13596,HU,201306,190,36
13597,HU,201307,190,127
13598,HU,201308,190,105
13599,HU,201309,190,69
13600,HU,201310,190,157
13601,HU,201311,190,59
13602,HU,201312,190,29
13603,HU,201401,190,74
13604,HU,201402,190,118
13605,HU,201403,190,124
13606,HU,201404,190,120
13607,HU,201405,190,126
13608,HU,201406,190,228
13609,HU,201407,190,124
13610,HU,201408,190,93
13611,HU,201409,190,189
13612,HU,201410,190,157
13613,HU,201411,190,79
13614,HU,201412,190,96
13615,HU,201501,190,96
13616,HU,201502,190,161
13617,HU,201503,190,106
13618,HU,201504,190,153
13619,HU,201505,190,164
13620,HU,201506,190,203
13621,HU,201507,190,195
13622,HU,201508,190,214
13623,HU,201509,190,1067
13624,HU,201510,190,302
13625,HU,201511,190,140
13626,HU,201512,190,196
13627,HU,201601,190,179
13628,HU,201602,190,162
13629,HU,201603,190,195
13630,HU,201604,190,142
13631,HU,201605,190,209
13632,HU,201606,190,246
13633,HU,201607,190,275
13634,HU,201608,190,155
13635,HU,201609,190,220
13636,HU,201610,190,329
13637,HU,201611,190,222
13638,HU,201612,190,181
13639,HU,201701,190,213
13640,HU,201702,190,162
13641,HU,201703,190,172
13642,HU,201704,190,221
13643,HU,201705,190,169
13644,HU,201706,190,152
13645,HU,201707,190,232
13646,HU,201708,190,132
13647,HU,201709,190,122
13648,HU,201710,190,196
13649,HU,201711,190,159
13650,HU,201712,190,102
13651,HU,201801,190,131
13652,HU,201802,190,141
13653,HU,201803,190,204
13654,HU,201804,190,231
13655,HU,201805,190,254
13656,HU,201806,190,121
13657,HU,201807,190,204
13658,HU,201808,190,113
13659,HU,201809,190,154
13660,HU,201810,190,185
13661,HU,201811,190,227
13662,HU,201812,190,221
13663,HU,201901,190,128
13664,HU,201902,190,205
13665,HU,201903,190,305
13666,HU,201904,190,181
13667,HU,201905,190,255
13668,HU,201906,190,151
13669,HU,201907,190,144
13670,HU,201908,190,120
13671,HU,201909,190,127
13672,HU,201910,190,148
13673,HU,201911,190,105
13674,HU,201912,190,132
13675,HU,202001,190,167
13676,HU,202002,190,127
13677,HU,202003,190,127
13678,HU,202004,190,173
13679,HU,202005,190,136
13680,HU,202006,190,113
13681,HU,202007,190,90
13682,HU,202008,190,93
13683,HU,202009,190,133
13684,HU,200807,191,2
13685,HU,200810,191,1
13686,HU,200901,191,2
13687,HU,200903,191,1
13688,HU,200904,191,2
13689,HU,200908,191,3
13690,HU,200909,191,2
13691,HU,200911,191,8
13692,HU,201001,191,11
13693,HU,201004,191,1
13694,HU,201005,191,2
13695,HU,201009,191,2
13696,HU,201010,191,3
13697,HU,201101,191,3
13698,HU,201103,191,1
13699,HU,201104,191,1
13700,HU,201105,191,4
13701,HU,201107,191,1
13702,HU,201108,191,3
13703,HU,201112,191,1
13704,HU,201201,191,4
13705,HU,201207,191,2
13706,HU,201211,191,1
13707,HU,201302,191,2
13708,HU,201307,191,1
13709,HU,201308,191,1
13710,HU,201403,191,3
13711,HU,201407,191,1
13712,HU,201409,191,1
13713,HU,201412,191,5
13714,HU,201501,191,5
13715,HU,201502,191,14
13716,HU,201503,191,6
13717,HU,201504,191,4
13718,HU,201505,191,9
13719,HU,201506,191,26
13720,HU,201507,191,24
13721,HU,201508,191,41
13722,HU,201509,191,926
13723,HU,201510,191,782
13724,HU,201511,191,206
13725,HU,201512,191,109
13726,HU,201601,191,20
13727,HU,201602,191,66
13728,HU,201603,191,28
13729,HU,201604,191,50
13730,HU,201605,191,13
13731,HU,201606,191,12
13732,HU,201607,191,67
13733,HU,201608,191,14
13734,HU,201609,191,27
13735,HU,201610,191,50
13736,HU,201611,191,20
13737,HU,201612,191,9
13738,HU,201701,191,10
13739,HU,201702,191,15
13740,HU,201703,191,8
13741,HU,201704,191,12
13742,HU,201705,191,4
13743,HU,201706,191,4
13744,HU,201708,191,1
13745,HU,201709,191,8
13746,HU,201710,191,4
13747,HU,201802,191,2
13748,HU,201803,191,6
13749,HU,201804,191,5
13750,HU,201805,191,4
13751,HU,201806,191,10
13752,HU,201807,191,4
13753,HU,201808,191,6
13754,HU,201809,191,5
13755,HU,201810,191,2
13756,HU,201811,191,4
13757,HU,201812,191,21
13758,HU,201901,191,7
13759,HU,201902,191,7
13760,HU,201903,191,3
13761,HU,201904,191,7
13762,HU,201905,191,8
13763,HU,201906,191,3
13764,HU,201907,191,2
13765,HU,201908,191,1
13766,HU,201909,191,2
13767,HU,201910,191,13
13768,HU,201911,191,3
13769,HU,201912,191,4
13770,HU,202001,191,2
13771,HU,202002,191,3
13772,HU,202003,191,13
13773,HU,202005,191,6
13774,HU,202006,191,16
13775,HU,202007,191,8
13776,HU,202008,191,11
13777,HU,202009,191,9
13778,HU,200803,192,1
13779,HU,200804,192,21
13780,HU,200805,192,2
13781,HU,200807,192,5
13782,HU,200808,192,7
13783,HU,200810,192,5
13784,HU,200901,192,8
13785,HU,200902,192,3
13786,HU,200903,192,4
13787,HU,200904,192,33
13788,HU,200905,192,10
13789,HU,200906,192,2
13790,HU,200907,192,11
13791,HU,200908,192,12
13792,HU,200909,192,14
13793,HU,200910,192,17
13794,HU,200911,192,4
13795,HU,200912,192,13
13796,HU,201001,192,5
13797,HU,201002,192,1
13798,HU,201003,192,2
13799,HU,201004,192,7
13800,HU,201005,192,6
13801,HU,201006,192,3
13802,HU,201007,192,5
13803,HU,201008,192,19
13804,HU,201009,192,20
13805,HU,201010,192,46
13806,HU,201011,192,5
13807,HU,201012,192,5
13808,HU,201101,192,7
13809,HU,201102,192,2
13810,HU,201103,192,24
13811,HU,201104,192,5
13812,HU,201105,192,15
13813,HU,201106,192,5
13814,HU,201107,192,16
13815,HU,201108,192,10
13816,HU,201109,192,6
13817,HU,201110,192,11
13818,HU,201111,192,12
13819,HU,201112,192,5
13820,HU,201201,192,22
13821,HU,201202,192,14
13822,HU,201203,192,8
13823,HU,201204,192,8
13824,HU,201205,192,4
13825,HU,201206,192,24
13826,HU,201207,192,18
13827,HU,201208,192,14
13828,HU,201209,192,7
13829,HU,201210,192,7
13830,HU,201211,192,13
13831,HU,201212,192,3
13832,HU,201301,192,5
13833,HU,201302,192,4
13834,HU,201303,192,3
13835,HU,201306,192,11
13836,HU,201307,192,10
13837,HU,201308,192,14
13838,HU,201309,192,9
13839,HU,201310,192,16
13840,HU,201311,192,11
13841,HU,201312,192,20
13842,HU,201401,192,17
13843,HU,201402,192,15
13844,HU,201403,192,28
13845,HU,201404,192,19
13846,HU,201405,192,22
13847,HU,201406,192,14
13848,HU,201407,192,19
13849,HU,201408,192,10
13850,HU,201409,192,12
13851,HU,201410,192,14
13852,HU,201411,192,20
13853,HU,201412,192,48
13854,HU,201501,192,23
13855,HU,201502,192,66
13856,HU,201503,192,87
13857,HU,201504,192,56
13858,HU,201505,192,52
13859,HU,201506,192,144
13860,HU,201507,192,123
13861,HU,201508,192,373
13862,HU,201509,192,1677
13863,HU,201510,192,304
13864,HU,201511,192,97
13865,HU,201512,192,36
13866,HU,201601,192,50
13867,HU,201602,192,80
13868,HU,201603,192,61
13869,HU,201604,192,47
13870,HU,201605,192,74
13871,HU,201606,192,59
13872,HU,201607,192,71
13873,HU,201608,192,74
13874,HU,201609,192,73
13875,HU,201610,192,79
13876,HU,201611,192,62
13877,HU,201612,192,69
13878,HU,201701,192,53
13879,HU,201702,192,37
13880,HU,201703,192,44
13881,HU,201704,192,58
13882,HU,201705,192,42
13883,HU,201706,192,48
13884,HU,201707,192,28
13885,HU,201708,192,23
13886,HU,201709,192,26
13887,HU,201710,192,22
13888,HU,201711,192,29
13889,HU,201712,192,25
13890,HU,201801,192,15
13891,HU,201802,192,38
13892,HU,201803,192,27
13893,HU,201804,192,23
13894,HU,201805,192,28
13895,HU,201806,192,38
13896,HU,201807,192,32
13897,HU,201808,192,25
13898,HU,201809,192,66
13899,HU,201810,192,41
13900,HU,201811,192,35
13901,HU,201812,192,23
13902,HU,201901,192,29
13903,HU,201902,192,16
13904,HU,201903,192,29
13905,HU,201904,192,16
13906,HU,201905,192,37
13907,HU,201906,192,35
13908,HU,201907,192,19
13909,HU,201908,192,23
13910,HU,201909,192,11
13911,HU,201910,192,30
13912,HU,201911,192,47
13913,HU,201912,192,21
13914,HU,202001,192,17
13915,HU,202002,192,19
13916,HU,202003,192,43
13917,HU,202004,192,22
13918,HU,202005,192,21
13919,HU,202006,192,9
13920,HU,202007,192,6
13921,HU,202008,192,8
13922,HU,202009,192,16
13923,HU,200804,193,15
13924,HU,200805,193,3
13925,HU,200806,193,1
13926,HU,200807,193,5
13927,HU,200808,193,1
13928,HU,200810,193,7
13929,HU,200811,193,7
13930,HU,200812,193,4
13931,HU,200901,193,57
13932,HU,200902,193,27
13933,HU,200903,193,18
13934,HU,200904,193,67
13935,HU,200905,193,51
13936,HU,200906,193,12
13937,HU,200907,193,9
13938,HU,200908,193,64
13939,HU,200909,193,13
13940,HU,200910,193,25
13941,HU,200911,193,63
13942,HU,200912,193,29
13943,HU,201001,193,3
13944,HU,201002,193,9
13945,HU,201003,193,6
13946,HU,201004,193,5
13947,HU,201005,193,12
13948,HU,201007,193,8
13949,HU,201008,193,18
13950,HU,201009,193,10
13951,HU,201010,193,46
13952,HU,201011,193,29
13953,HU,201012,193,17
13954,HU,201101,193,7
13955,HU,201102,193,22
13956,HU,201103,193,14
13957,HU,201104,193,17
13958,HU,201105,193,11
13959,HU,201106,193,13
13960,HU,201107,193,14
13961,HU,201108,193,5
13962,HU,201109,193,16
13963,HU,201110,193,16
13964,HU,201111,193,13
13965,HU,201112,193,6
13966,HU,201201,193,13
13967,HU,201202,193,10
13968,HU,201203,193,27
13969,HU,201204,193,21
13970,HU,201205,193,9
13971,HU,201206,193,12
13972,HU,201207,193,16
13973,HU,201208,193,11
13974,HU,201209,193,22
13975,HU,201210,193,14
13976,HU,201211,193,3
13977,HU,201212,193,5
13978,HU,201301,193,11
13979,HU,201302,193,21
13980,HU,201303,193,15
13981,HU,201304,193,8
13982,HU,201306,193,8
13983,HU,201307,193,12
13984,HU,201308,193,18
13985,HU,201309,193,7
13986,HU,201310,193,30
13987,HU,201311,193,22
13988,HU,201312,193,10
13989,HU,201401,193,19
13990,HU,201402,193,19
13991,HU,201403,193,40
13992,HU,201404,193,41
13993,HU,201405,193,29
13994,HU,201406,193,55
13995,HU,201407,193,56
13996,HU,201408,193,62
13997,HU,201409,193,17
13998,HU,201410,193,12
13999,HU,201411,193,18
14000,HU,201412,193,17
14001,HU,201501,193,40
14002,HU,201502,193,55
14003,HU,201503,193,25
14004,HU,201504,193,36
14005,HU,201505,193,47
14006,HU,201506,193,72
14007,HU,201507,193,48
14008,HU,201508,193,46
14009,HU,201509,193,192
14010,HU,201510,193,183
14011,HU,201511,193,36
14012,HU,201512,193,42
14013,HU,201601,193,44
14014,HU,201602,193,58
14015,HU,201603,193,37
14016,HU,201604,193,60
14017,HU,201605,193,123
14018,HU,201606,193,181
14019,HU,201607,193,69
14020,HU,201608,193,72
14021,HU,201609,193,75
14022,HU,201610,193,127
14023,HU,201611,193,61
14024,HU,201612,193,58
14025,HU,201701,193,96
14026,HU,201702,193,65
14027,HU,201703,193,37
14028,HU,201704,193,59
14029,HU,201705,193,63
14030,HU,201706,193,32
14031,HU,201707,193,38
14032,HU,201708,193,22
14033,HU,201709,193,34
14034,HU,201710,193,42
14035,HU,201711,193,41
14036,HU,201712,193,20
14037,HU,201801,193,41
14038,HU,201802,193,36
14039,HU,201803,193,79
14040,HU,201804,193,54
14041,HU,201805,193,39
14042,HU,201806,193,34
14043,HU,201807,193,56
14044,HU,201808,193,36
14045,HU,201809,193,28
14046,HU,201810,193,45
14047,HU,201811,193,30
14048,HU,201812,193,22
14049,HU,201901,193,35
14050,HU,201902,193,53
14051,HU,201903,193,70
14052,HU,201904,193,33
14053,HU,201905,193,31
14054,HU,201906,193,31
14055,HU,201907,193,21
14056,HU,201908,193,29
14057,HU,201909,193,17
14058,HU,201910,193,29
14059,HU,201911,193,44
14060,HU,201912,193,27
14061,HU,202001,193,23
14062,HU,202002,193,32
14063,HU,202003,193,31
14064,HU,202004,193,26
14065,HU,202005,193,19
14066,HU,202006,193,24
14067,HU,202007,193,22
14068,HU,202008,193,13
14069,HU,202009,193,16
14070,HU,200810,194,1
14071,HU,200812,194,1
14072,HU,200901,194,2
14073,HU,200902,194,2
14074,HU,200903,194,10
14075,HU,200904,194,4
14076,HU,200906,194,2
14077,HU,200909,194,1
14078,HU,201002,194,2
14079,HU,201010,194,4
14080,HU,201104,194,6
14081,HU,201107,194,2
14082,HU,201202,194,1
14083,HU,201208,194,1
14084,HU,201211,194,1
14085,HU,201302,194,7
14086,HU,201305,194,1
14087,HU,201308,194,1
14088,HU,201401,194,1
14089,HU,201407,194,4
14090,HU,201408,194,1
14091,HU,201412,194,3
14092,HU,201501,194,1
14093,HU,201502,194,3
14094,HU,201503,194,1
14095,HU,201504,194,1
14096,HU,201505,194,1
14097,HU,201509,194,7
14098,HU,201510,194,1
14099,HU,201511,194,2
14100,HU,201601,194,1
14101,HU,201603,194,12
14102,HU,201604,194,2
14103,HU,201606,194,2
14104,HU,201608,194,3
14105,HU,201609,194,5
14106,HU,201610,194,7
14107,HU,201612,194,3
14108,HU,201702,194,1
14109,HU,201704,194,8
14110,HU,201705,194,2
14111,HU,201709,194,3
14112,HU,201710,194,2
14113,HU,201712,194,2
14114,HU,201801,194,1
14115,HU,201802,194,6
14116,HU,201805,194,5
14117,HU,201806,194,1
14118,HU,201808,194,1
14119,HU,201810,194,6
14120,HU,201901,194,1
14121,HU,201902,194,1
14122,HU,201905,194,1
14123,HU,201906,194,2
14124,HU,201907,194,10
14125,HU,201908,194,2
14126,HU,201910,194,2
14127,HU,201911,194,3
14128,HU,201912,194,2
14129,HU,202001,194,1
14130,HU,202002,194,2
14131,HU,202004,194,2
14132,HU,202005,194,7
14133,HU,202009,194,2
14134,HU,200812,195,2
14135,HU,200901,195,4
14136,HU,200903,195,2
14137,HU,200910,195,3
14138,HU,200912,195,1
14139,HU,201001,195,1
14140,HU,201008,195,1
14141,HU,201011,195,2
14142,HU,201105,195,2
14143,HU,201109,195,2
14144,HU,201201,195,1
14145,HU,201202,195,1
14146,HU,201203,195,1
14147,HU,201208,195,1
14148,HU,201210,195,1
14149,HU,201302,195,1
14150,HU,201308,195,4
14151,HU,201309,195,5
14152,HU,201310,195,1
14153,HU,201405,195,1
14154,HU,201406,195,3
14155,HU,201407,195,1
14156,HU,201408,195,4
14157,HU,201409,195,1
14158,HU,201410,195,2
14159,HU,201411,195,1
14160,HU,201412,195,3
14161,HU,201501,195,6
14162,HU,201502,195,1
14163,HU,201503,195,3
14164,HU,201504,195,1
14165,HU,201508,195,1
14166,HU,201510,195,1
14167,HU,201511,195,4
14168,HU,201602,195,2
14169,HU,201603,195,10
14170,HU,201604,195,1
14171,HU,201609,195,1
14172,HU,201610,195,1
14173,HU,201701,195,1
14174,HU,201702,195,1
14175,HU,201703,195,1
14176,HU,201704,195,3
14177,HU,201707,195,1
14178,HU,201709,195,2
14179,HU,201711,195,2
14180,HU,201801,195,1
14181,HU,201802,195,4
14182,HU,201804,195,2
14183,HU,201806,195,2
14184,HU,201807,195,2
14185,HU,201808,195,2
14186,HU,201809,195,5
14187,HU,201812,195,1
14188,HU,201901,195,1
14189,HU,201905,195,1
14190,HU,201909,195,3
14191,HU,201910,195,1
14192,HU,201911,195,2
14193,HU,202006,195,2
14194,HU,202007,195,1
14195,HU,201104,196,2
14196,HU,201105,196,2
14197,HU,201103,201,1
14198,HU,201206,201,2
14199,HU,201509,201,4
14200,HU,201608,201,1
14201,HU,201709,201,3
14202,HU,201812,201,2
14203,HU,202009,201,1
14204,HU,200812,202,1
14205,HU,200904,202,2
14206,HU,201001,202,1
14207,HU,201003,202,1
14208,HU,201101,202,1
14209,HU,201105,202,7
14210,HU,201107,202,7
14211,HU,201109,202,2
14212,HU,201207,202,4
14213,HU,201303,202,1
14214,HU,201404,202,3
14215,HU,201409,202,3
14216,HU,201501,202,2
14217,HU,201503,202,1
14218,HU,201505,202,3
14219,HU,201508,202,2
14220,HU,201509,202,1
14221,HU,201511,202,1
14222,HU,201601,202,1
14223,HU,201602,202,1
14224,HU,201603,202,1
14225,HU,201607,202,1
14226,HU,201608,202,1
14227,HU,201610,202,3
14228,HU,201701,202,2
14229,HU,201704,202,1
14230,HU,201707,202,1
14231,HU,201711,202,1
14232,HU,201803,202,13
14233,HU,201804,202,4
14234,HU,201806,202,1
14235,HU,201807,202,1
14236,HU,201901,202,2
14237,HU,201902,202,1
14238,HU,201903,202,2
14239,HU,201905,202,2
14240,HU,201906,202,2
14241,HU,201909,202,1
14242,HU,201911,202,1
14243,HU,202002,202,1
14244,HU,202003,202,5
14245,HU,200902,203,2
14246,HU,200905,203,1
14247,HU,200906,203,1
14248,HU,201103,203,4
14249,HU,201106,203,2
14250,HU,201108,203,2
14251,HU,201209,203,1
14252,HU,201212,203,1
14253,HU,201306,203,1
14254,HU,201401,203,2
14255,HU,201405,203,1
14256,HU,201408,203,1
14257,HU,201503,203,5
14258,HU,201504,203,2
14259,HU,201508,203,1
14260,HU,201509,203,3
14261,HU,201510,203,1
14262,HU,201511,203,2
14263,HU,201512,203,1
14264,HU,201602,203,3
14265,HU,201605,203,1
14266,HU,201607,203,2
14267,HU,201609,203,3
14268,HU,201611,203,4
14269,HU,201612,203,2
14270,HU,201703,203,2
14271,HU,201704,203,1
14272,HU,201708,203,2
14273,HU,201712,203,1
14274,HU,201801,203,2
14275,HU,201803,203,1
14276,HU,201805,203,4
14277,HU,201806,203,2
14278,HU,201807,203,1
14279,HU,201808,203,1
14280,HU,201809,203,1
14281,HU,201810,203,2
14282,HU,201811,203,1
14283,HU,201812,203,1
14284,HU,201902,203,1
14285,HU,201905,203,2
14286,HU,201906,203,5
14287,HU,201909,203,3
14288,HU,201911,203,1
14289,HU,202006,203,1
14290,HU,202009,203,1
0,HU,202010,10,297
1,HU,202011,10,345
2,HU,202012,10,449
3,HU,202101,10,302
4,HU,202102,10,442
5,HU,202103,10,412
6,HU,202104,10,347
7,HU,202105,10,317
8,HU,202106,10,398
9,HU,202107,10,511
10,HU,202108,10,383
11,HU,202109,10,472
12,HU,202010,11,2
13,HU,202011,11,7
14,HU,202012,11,20
15,HU,202101,11,9
16,HU,202102,11,7
17,HU,202103,11,5
18,HU,202104,11,6
19,HU,202105,11,5
20,HU,202106,11,5
21,HU,202107,11,19
22,HU,202108,11,1
23,HU,202109,11,12
24,HU,202010,12,55
25,HU,202011,12,88
26,HU,202012,12,76
27,HU,202101,12,41
28,HU,202102,12,62
29,HU,202103,12,45
30,HU,202104,12,55
31,HU,202105,12,86
32,HU,202106,12,120
33,HU,202107,12,120
34,HU,202108,12,49
35,HU,202109,12,70
36,HU,202010,13,77
37,HU,202011,13,105
38,HU,202012,13,129
39,HU,202101,13,59
40,HU,202102,13,94
41,HU,202103,13,90
42,HU,202104,13,63
43,HU,202105,13,72
44,HU,202106,13,101
45,HU,202107,13,117
46,HU,202108,13,68
47,HU,202109,13,131
48,HU,202010,14,32
49,HU,202011,14,45
50,HU,202012,14,66
51,HU,202101,14,46
52,HU,202102,14,42
53,HU,202103,14,31
54,HU,202104,14,44
55,HU,202105,14,22
56,HU,202106,14,47
57,HU,202107,14,40
58,HU,202108,14,25
59,HU,202109,14,53
60,HU,202010,15,5
61,HU,202011,15,6
62,HU,202012,15,9
63,HU,202101,15,8
64,HU,202102,15,7
65,HU,202103,15,1
66,HU,202104,15,3
67,HU,202105,15,5
68,HU,202106,15,13
69,HU,202107,15,10
70,HU,202109,15,11
71,HU,202010,16,18
72,HU,202011,16,5
73,HU,202012,16,8
74,HU,202101,16,5
75,HU,202102,16,10
76,HU,202103,16,15
77,HU,202104,16,7
78,HU,202105,16,5
79,HU,202106,16,7
80,HU,202107,16,16
81,HU,202108,16,1
82,HU,202109,16,10
83,HU,202010,17,49
84,HU,202011,17,15
85,HU,202012,17,13
86,HU,202101,17,24
87,HU,202102,17,27
88,HU,202103,17,19
89,HU,202104,17,22
90,HU,202105,17,30
91,HU,202106,17,31
92,HU,202107,17,43
93,HU,202108,17,29
94,HU,202109,17,87
95,HU,202011,18,5
96,HU,202012,18,3
97,HU,202101,18,4
98,HU,202102,18,6
99,HU,202103,18,2
100,HU,202104,18,2
101,HU,202105,18,8
102,HU,202106,18,1
103,HU,202107,18,2
104,HU,202108,18,3
105,HU,202012,19,2
106,HU,202103,19,3
107,HU,202104,19,1
108,HU,202106,19,4
109,HU,202107,19,3
110,HU,202109,19,1
111,HU,202010,20,204
112,HU,202011,20,287
113,HU,202012,20,264
114,HU,202101,20,244
115,HU,202102,20,271
116,HU,202103,20,295
117,HU,202104,20,185
118,HU,202105,20,210
119,HU,202106,20,277
120,HU,202107,20,334
121,HU,202108,20,251
122,HU,202109,20,347
123,HU,202011,21,2
124,HU,202012,21,4
125,HU,202102,21,1
126,HU,202104,21,2
127,HU,202105,21,2
128,HU,202106,21,7
129,HU,202107,21,11
130,HU,202108,21,4
131,HU,202109,21,12
132,HU,202010,22,13
133,HU,202011,22,4
134,HU,202012,22,10
135,HU,202101,22,3
136,HU,202103,22,4
137,HU,202105,22,3
138,HU,202106,22,3
139,HU,202107,22,16
140,HU,202108,22,7
141,HU,202109,22,11
142,HU,202010,23,7
143,HU,202011,23,12
144,HU,202012,23,6
145,HU,202101,23,6
146,HU,202102,23,3
147,HU,202103,23,10
148,HU,202104,23,13
149,HU,202105,23,4
150,HU,202106,23,5
151,HU,202107,23,1
152,HU,202108,23,3
153,HU,202109,23,7
154,HU,202010,24,11
155,HU,202011,24,2
156,HU,202101,24,6
157,HU,202102,24,5
158,HU,202103,24,2
159,HU,202105,24,1
160,HU,202106,24,3
161,HU,202107,24,10
162,HU,202010,25,6
163,HU,202011,25,19
164,HU,202012,25,11
165,HU,202101,25,4
166,HU,202102,25,10
167,HU,202103,25,6
168,HU,202104,25,7
169,HU,202105,25,30
170,HU,202106,25,13
171,HU,202107,25,13
172,HU,202108,25,4
173,HU,202109,25,11
174,HU,202010,26,15
175,HU,202011,26,17
176,HU,202012,26,11
177,HU,202101,26,8
178,HU,202102,26,6
179,HU,202103,26,7
180,HU,202104,26,16
181,HU,202105,26,19
182,HU,202106,26,19
183,HU,202107,26,8
184,HU,202108,26,7
185,HU,202109,26,51
186,HU,202011,27,1
187,HU,202012,27,1
188,HU,202103,27,1
189,HU,202104,27,1
190,HU,202106,27,2
191,HU,202107,27,2
192,HU,202109,27,1
193,HU,202010,28,2
194,HU,202104,28,2
195,HU,202107,28,1
196,HU,202108,28,6
197,HU,202109,28,2
198,HU,202010,30,76
199,HU,202011,30,105
200,HU,202012,30,138
201,HU,202101,30,124
202,HU,202102,30,204
203,HU,202103,30,104
204,HU,202104,30,79
205,HU,202105,30,140
206,HU,202106,30,126
207,HU,202107,30,104
208,HU,202108,30,55
209,HU,202109,30,92
210,HU,202010,31,46
211,HU,202011,31,8
212,HU,202012,31,11
213,HU,202101,31,28
214,HU,202102,31,37
215,HU,202103,31,15
216,HU,202104,31,53
217,HU,202105,31,33
218,HU,202106,31,29
219,HU,202107,31,15
220,HU,202108,31,10
221,HU,202109,31,46
222,HU,202010,32,6
223,HU,202011,32,6
224,HU,202012,32,5
225,HU,202101,32,4
226,HU,202102,32,6
227,HU,202103,32,10
228,HU,202104,32,3
229,HU,202105,32,8
230,HU,202106,32,2
231,HU,202107,32,10
232,HU,202108,32,1
233,HU,202109,32,3
234,HU,202010,33,9
235,HU,202011,33,8
236,HU,202012,33,13
237,HU,202101,33,11
238,HU,202102,33,6
239,HU,202103,33,2
240,HU,202104,33,18
241,HU,202105,33,19
242,HU,202106,33,10
243,HU,202107,33,15
244,HU,202108,33,16
245,HU,202109,33,13
246,HU,202010,34,2
247,HU,202011,34,4
248,HU,202103,34,1
249,HU,202010,35,3
250,HU,202011,35,12
251,HU,202012,35,19
252,HU,202101,35,12
253,HU,202102,35,7
254,HU,202103,35,14
255,HU,202104,35,10
256,HU,202105,35,6
257,HU,202106,35,7
258,HU,202107,35,16
259,HU,202108,35,7
260,HU,202109,35,5
261,HU,202010,36,110
262,HU,202011,36,156
263,HU,202012,36,96
264,HU,202101,36,124
265,HU,202102,36,266
266,HU,202103,36,240
267,HU,202104,36,131
268,HU,202105,36,163
269,HU,202106,36,119
270,HU,202107,36,350
271,HU,202108,36,204
272,HU,202109,36,401
273,HU,202011,37,1
274,HU,202012,37,8
275,HU,202104,37,3
276,HU,202105,37,4
277,HU,202106,37,4
278,HU,202107,37,6
279,HU,202108,37,1
280,HU,202010,38,3
281,HU,202102,39,1
282,HU,202103,39,1
283,HU,202010,40,214
284,HU,202011,40,391
285,HU,202012,40,300
286,HU,202101,40,231
287,HU,202102,40,348
288,HU,202103,40,309
289,HU,202104,40,295
290,HU,202105,40,317
291,HU,202106,40,411
292,HU,202107,40,292
293,HU,202108,40,206
294,HU,202109,40,629
295,HU,202010,41,6
296,HU,202012,41,14
297,HU,202101,41,2
298,HU,202102,41,2
299,HU,202104,41,15
300,HU,202106,41,1
301,HU,202107,41,1
302,HU,202108,41,2
303,HU,202109,41,4
304,HU,202010,42,235
305,HU,202011,42,331
306,HU,202012,42,301
307,HU,202101,42,213
308,HU,202102,42,389
309,HU,202103,42,384
310,HU,202104,42,266
311,HU,202105,42,282
312,HU,202106,42,350
313,HU,202107,42,544
314,HU,202108,42,344
315,HU,202109,42,683
316,HU,202010,43,206
317,HU,202011,43,291
318,HU,202012,43,294
319,HU,202101,43,179
320,HU,202102,43,390
321,HU,202103,43,350
322,HU,202104,43,251
323,HU,202105,43,262
324,HU,202106,43,327
325,HU,202107,43,439
326,HU,202108,43,339
327,HU,202109,43,689
328,HU,202011,44,2
329,HU,202012,44,2
330,HU,202102,44,8
331,HU,202103,44,10
332,HU,202104,44,8
333,HU,202105,44,1
334,HU,202106,44,7
335,HU,202107,44,9
336,HU,202108,44,3
337,HU,202109,44,15
338,HU,202010,45,4
339,HU,202011,45,5
340,HU,202012,45,2
341,HU,202101,45,1
342,HU,202102,45,1
343,HU,202103,45,1
344,HU,202104,45,12
345,HU,202105,45,3
346,HU,202106,45,2
347,HU,202107,45,2
348,HU,202108,45,1
349,HU,202010,46,73
350,HU,202011,46,209
351,HU,202012,46,155
352,HU,202101,46,135
353,HU,202102,46,143
354,HU,202103,46,186
355,HU,202104,46,128
356,HU,202105,46,152
357,HU,202106,46,214
358,HU,202107,46,138
359,HU,202108,46,116
360,HU,202109,46,205
361,HU,202010,50,62
362,HU,202011,50,69
363,HU,202012,50,78
364,HU,202101,50,77
365,HU,202102,50,57
366,HU,202103,50,49
367,HU,202104,50,33
368,HU,202105,50,42
369,HU,202106,50,56
370,HU,202107,50,32
371,HU,202108,50,34
372,HU,202109,50,45
373,HU,202010,51,216
374,HU,202011,51,320
375,HU,202012,51,286
376,HU,202101,51,249
377,HU,202102,51,225
378,HU,202103,51,265
379,HU,202104,51,220
380,HU,202105,51,254
381,HU,202106,51,300
382,HU,202107,51,299
383,HU,202108,51,252
384,HU,202109,51,379
385,HU,202010,52,1
386,HU,202011,52,10
387,HU,202101,52,2
388,HU,202102,52,3
389,HU,202103,52,8
390,HU,202104,52,2
391,HU,202105,52,9
392,HU,202106,52,25
393,HU,202107,52,10
394,HU,202108,52,6
395,HU,202109,52,15
396,HU,202010,53,11
397,HU,202105,53,12
398,HU,202106,53,2
399,HU,202107,53,3
400,HU,202109,53,6
401,HU,202010,54,1
402,HU,202011,54,7
403,HU,202012,54,3
404,HU,202102,54,3
405,HU,202103,54,7
406,HU,202104,54,2
407,HU,202105,54,9
408,HU,202106,54,3
409,HU,202107,54,6
410,HU,202011,55,1
411,HU,202012,55,13
412,HU,202101,55,3
413,HU,202102,55,2
414,HU,202103,55,7
415,HU,202104,55,2
416,HU,202106,55,8
417,HU,202107,55,12
418,HU,202108,55,1
419,HU,202109,55,2
420,HU,202011,56,1
421,HU,202012,56,4
422,HU,202101,56,3
423,HU,202102,56,1
424,HU,202104,56,1
425,HU,202106,56,1
426,HU,202108,56,1
427,HU,202109,56,4
428,HU,202010,57,121
429,HU,202011,57,94
430,HU,202012,57,75
431,HU,202101,57,85
432,HU,202102,57,67
433,HU,202103,57,110
434,HU,202104,57,101
435,HU,202105,57,129
436,HU,202106,57,174
437,HU,202107,57,142
438,HU,202108,57,69
439,HU,202109,57,135
440,HU,202010,60,33
441,HU,202011,60,60
442,HU,202012,60,40
443,HU,202101,60,58
444,HU,202102,60,50
445,HU,202103,60,42
446,HU,202104,60,34
447,HU,202105,60,29
448,HU,202106,60,64
449,HU,202107,60,66
450,HU,202108,60,88
451,HU,202109,60,91
452,HU,202010,61,18
453,HU,202011,61,20
454,HU,202012,61,16
455,HU,202101,61,55
456,HU,202102,61,21
457,HU,202103,61,23
458,HU,202104,61,17
459,HU,202105,61,22
460,HU,202106,61,25
461,HU,202107,61,27
462,HU,202108,61,26
463,HU,202109,61,27
464,HU,202010,62,2
465,HU,202011,62,2
466,HU,202012,62,6
467,HU,202101,62,4
468,HU,202102,62,4
469,HU,202103,62,7
470,HU,202104,62,6
471,HU,202105,62,8
472,HU,202106,62,6
473,HU,202107,62,22
474,HU,202108,62,11
475,HU,202109,62,10
476,HU,202101,63,4
477,HU,202102,63,11
478,HU,202103,63,2
479,HU,202104,63,5
480,HU,202106,63,1
481,HU,202108,63,3
482,HU,202011,64,1
483,HU,202012,64,2
484,HU,202102,64,1
485,HU,202104,64,1
486,HU,202010,70,36
487,HU,202011,70,35
488,HU,202012,70,31
489,HU,202101,70,54
490,HU,202102,70,28
491,HU,202103,70,44
492,HU,202104,70,18
493,HU,202105,70,31
494,HU,202106,70,62
495,HU,202107,70,59
496,HU,202108,70,30
497,HU,202109,70,36
498,HU,202010,71,94
499,HU,202011,71,176
500,HU,202012,71,195
501,HU,202101,71,47
502,HU,202102,71,69
503,HU,202103,71,91
504,HU,202104,71,62
505,HU,202105,71,87
506,HU,202106,71,79
507,HU,202107,71,133
508,HU,202108,71,46
509,HU,202109,71,94
510,HU,202010,72,6
511,HU,202011,72,7
512,HU,202012,72,2
513,HU,202101,72,6
514,HU,202102,72,11
515,HU,202103,72,6
516,HU,202104,72,1
517,HU,202105,72,7
518,HU,202106,72,3
519,HU,202107,72,5
520,HU,202108,72,9
521,HU,202109,72,9
522,HU,202010,73,19
523,HU,202011,73,17
524,HU,202012,73,32
525,HU,202101,73,18
526,HU,202102,73,21
527,HU,202103,73,20
528,HU,202104,73,11
529,HU,202105,73,15
530,HU,202106,73,16
531,HU,202107,73,17
532,HU,202108,73,21
533,HU,202109,73,19
534,HU,202102,74,9
535,HU,202107,74,2
536,HU,202108,74,1
537,HU,202109,74,1
538,HU,202010,75,3
539,HU,202011,75,4
540,HU,202012,75,4
541,HU,202101,75,13
542,HU,202102,75,11
543,HU,202104,75,1
544,HU,202105,75,1
545,HU,202106,75,3
546,HU,202107,75,14
547,HU,202108,75,16
548,HU,202109,75,12
549,HU,202010,80,45
550,HU,202011,80,92
551,HU,202012,80,86
552,HU,202101,80,43
553,HU,202102,80,84
554,HU,202103,80,56
555,HU,202104,80,84
556,HU,202105,80,33
557,HU,202106,80,52
558,HU,202107,80,55
559,HU,202108,80,45
560,HU,202109,80,68
561,HU,202010,81,7
562,HU,202011,81,10
563,HU,202012,81,25
564,HU,202101,81,19
565,HU,202102,81,7
566,HU,202103,81,8
567,HU,202104,81,7
568,HU,202105,81,30
569,HU,202106,81,34
570,HU,202107,81,19
571,HU,202108,81,10
572,HU,202109,81,5
573,HU,202107,82,2
574,HU,202109,82,5
575,HU,202010,83,17
576,HU,202011,83,8
577,HU,202012,83,66
578,HU,202101,83,6
579,HU,202102,83,10
580,HU,202103,83,36
581,HU,202104,83,7
582,HU,202105,83,7
583,HU,202106,83,10
584,HU,202107,83,21
585,HU,202108,83,7
586,HU,202109,83,16
587,HU,202010,84,77
588,HU,202011,84,46
589,HU,202012,84,65
590,HU,202101,84,47
591,HU,202102,84,86
592,HU,202103,84,63
593,HU,202104,84,59
594,HU,202105,84,59
595,HU,202106,84,46
596,HU,202107,84,54
597,HU,202108,84,19
598,HU,202109,84,51
599,HU,202104,85,3
600,HU,202105,85,1
601,HU,202107,85,5
602,HU,202101,86,1
603,HU,202102,86,11
604,HU,202010,87,7
605,HU,202011,87,9
606,HU,202012,87,5
607,HU,202101,87,25
608,HU,202102,87,5
609,HU,202103,87,47
610,HU,202104,87,8
611,HU,202105,87,4
612,HU,202106,87,14
613,HU,202107,87,16
614,HU,202108,87,7
615,HU,202109,87,16
616,HU,202010,90,37
617,HU,202011,90,54
618,HU,202012,90,58
619,HU,202101,90,52
620,HU,202102,90,41
621,HU,202103,90,41
622,HU,202104,90,51
623,HU,202105,90,32
624,HU,202106,90,51
625,HU,202107,90,192
626,HU,202108,90,51
627,HU,202109,90,63
628,HU,202011,91,1
629,HU,202103,91,1
630,HU,202107,91,5
631,HU,202109,91,2
632,HU,202107,93,1
633,HU,202103,94,2
634,HU,202010,100,57
635,HU,202011,100,65
636,HU,202012,100,41
637,HU,202101,100,44
638,HU,202102,100,42
639,HU,202103,100,69
640,HU,202104,100,38
641,HU,202105,100,26
642,HU,202106,100,59
643,HU,202107,100,70
644,HU,202108,100,36
645,HU,202109,100,73
646,HU,202010,101,4
647,HU,202101,101,1
648,HU,202102,101,4
649,HU,202106,101,1
650,HU,202107,101,15
651,HU,202109,101,1
652,HU,202010,104,2
653,HU,202011,104,1
654,HU,202012,104,1
655,HU,202101,104,2
656,HU,202102,104,3
657,HU,202105,104,6
658,HU,202106,104,5
659,HU,202107,104,14
660,HU,202108,104,9
661,HU,202012,105,6
662,HU,202101,105,3
663,HU,202103,105,4
664,HU,202105,105,5
665,HU,202106,106,1
666,HU,202107,106,1
667,HU,202010,110,51
668,HU,202011,110,125
669,HU,202012,110,157
670,HU,202101,110,93
671,HU,202102,110,92
672,HU,202103,110,66
673,HU,202104,110,43
674,HU,202105,110,74
675,HU,202106,110,140
676,HU,202107,110,112
677,HU,202108,110,50
678,HU,202109,110,132
679,HU,202010,111,88
680,HU,202011,111,182
681,HU,202012,111,184
682,HU,202101,111,95
683,HU,202102,111,122
684,HU,202103,111,113
685,HU,202104,111,46
686,HU,202105,111,133
687,HU,202106,111,271
688,HU,202107,111,201
689,HU,202108,111,72
690,HU,202109,111,157
691,HU,202010,112,78
692,HU,202011,112,160
693,HU,202012,112,104
694,HU,202101,112,74
695,HU,202102,112,108
696,HU,202103,112,103
697,HU,202104,112,61
698,HU,202105,112,57
699,HU,202106,112,101
700,HU,202107,112,130
701,HU,202108,112,53
702,HU,202109,112,138
703,HU,202102,113,3
704,HU,202106,113,3
705,HU,202107,113,7
706,HU,202109,113,2
707,HU,202010,114,5
708,HU,202011,114,5
709,HU,202012,114,18
710,HU,202101,114,18
711,HU,202102,114,10
712,HU,202103,114,11
713,HU,202104,114,6
714,HU,202105,114,10
715,HU,202106,114,13
716,HU,202107,114,28
717,HU,202108,114,5
718,HU,202109,114,18
719,HU,202010,115,1
720,HU,202011,115,1
721,HU,202012,115,6
722,HU,202101,115,1
723,HU,202102,115,2
724,HU,202103,115,1
725,HU,202104,115,1
726,HU,202010,120,100
727,HU,202011,120,149
728,HU,202012,120,119
729,HU,202101,120,60
730,HU,202102,120,138
731,HU,202103,120,106
732,HU,202104,120,84
733,HU,202105,120,107
734,HU,202106,120,134
735,HU,202107,120,140
736,HU,202108,120,61
737,HU,202109,120,139
738,HU,202105,121,2
739,HU,202106,121,4
740,HU,202107,121,1
741,HU,202103,122,1
742,HU,202107,122,2
743,HU,202108,122,2
744,HU,202101,123,1
745,HU,202106,123,2
746,HU,202010,124,3
747,HU,202011,124,3
748,HU,202012,124,23
749,HU,202101,124,7
750,HU,202102,124,18
751,HU,202103,124,14
752,HU,202104,124,3
753,HU,202106,124,8
754,HU,202107,124,5
755,HU,202108,124,2
756,HU,202109,124,3
757,HU,202010,125,2
758,HU,202011,125,11
759,HU,202012,125,5
760,HU,202101,125,5
761,HU,202102,125,4
762,HU,202103,125,2
763,HU,202104,125,6
764,HU,202105,125,6
765,HU,202106,125,13
766,HU,202107,125,5
767,HU,202108,125,3
768,HU,202109,125,22
769,HU,202010,127,5
770,HU,202012,127,4
771,HU,202101,127,2
772,HU,202102,127,6
773,HU,202104,127,5
774,HU,202106,127,1
775,HU,202107,127,3
776,HU,202108,127,1
777,HU,202109,127,2
778,HU,202010,128,18
779,HU,202011,128,14
780,HU,202012,128,23
781,HU,202101,128,23
782,HU,202102,128,15
783,HU,202103,128,8
784,HU,202104,128,7
785,HU,202105,128,4
786,HU,202106,128,32
787,HU,202107,128,27
788,HU,202108,128,7
789,HU,202109,128,11
790,HU,202010,129,21
791,HU,202011,129,150
792,HU,202012,129,116
793,HU,202101,129,10
794,HU,202103,129,20
795,HU,202104,129,8
796,HU,202105,129,26
797,HU,202106,129,26
798,HU,202107,129,7
799,HU,202108,129,1
800,HU,202109,129,6
801,HU,202010,130,25
802,HU,202011,130,57
803,HU,202012,130,59
804,HU,202101,130,47
805,HU,202102,130,48
806,HU,202103,130,38
807,HU,202104,130,31
808,HU,202105,130,17
809,HU,202106,130,56
810,HU,202107,130,115
811,HU,202108,130,41
812,HU,202109,130,93
813,HU,202010,131,5
814,HU,202011,131,23
815,HU,202012,131,14
816,HU,202101,131,5
817,HU,202102,131,1
818,HU,202103,131,5
819,HU,202104,131,1
820,HU,202105,131,3
821,HU,202106,131,3
822,HU,202107,131,7
823,HU,202109,131,3
824,HU,202010,133,2
825,HU,202105,133,3
826,HU,202106,133,7
827,HU,202107,133,3
828,HU,202012,134,1
829,HU,202107,134,1
830,HU,202108,134,1
831,HU,202109,134,1
832,HU,202102,137,2
833,HU,202010,138,1
834,HU,202011,138,10
835,HU,202012,138,2
836,HU,202101,138,4
837,HU,202102,138,6
838,HU,202103,138,5
839,HU,202105,138,3
840,HU,202106,138,5
841,HU,202107,138,2
842,HU,202108,138,6
843,HU,202109,138,2
844,HU,202012,139,2
845,HU,202102,139,1
846,HU,202106,139,1
847,HU,202107,139,2
848,HU,202109,139,2
849,HU,202010,140,2
850,HU,202011,140,4
851,HU,202101,140,1
852,HU,202102,140,2
853,HU,202104,140,3
854,HU,202105,140,2
855,HU,202106,140,11
856,HU,202107,140,2
857,HU,202109,140,1
858,HU,202010,141,34
859,HU,202011,141,25
860,HU,202012,141,33
861,HU,202101,141,28
862,HU,202102,141,35
863,HU,202103,141,26
864,HU,202104,141,17
865,HU,202105,141,22
866,HU,202106,141,218
867,HU,202107,141,99
868,HU,202108,141,29
869,HU,202109,141,36
870,HU,202103,142,2
871,HU,202010,143,5
872,HU,202012,143,3
873,HU,202102,143,1
874,HU,202106,143,9
875,HU,202107,143,4
876,HU,202109,143,2
877,HU,202010,145,10
878,HU,202011,145,2
879,HU,202012,145,9
880,HU,202101,145,1
881,HU,202102,145,1
882,HU,202103,145,4
883,HU,202106,145,3
884,HU,202107,145,7
885,HU,202010,150,2
886,HU,202011,150,1
887,HU,202012,150,2
888,HU,202101,150,3
889,HU,202102,150,1
890,HU,202104,150,1
891,HU,202105,150,4
892,HU,202106,150,10
893,HU,202107,150,4
894,HU,202108,150,1
895,HU,202109,150,3
896,HU,202101,151,2
897,HU,202105,152,1
898,HU,202108,152,1
899,HU,202107,153,23
900,HU,202108,153,1
901,HU,202010,154,5
902,HU,202011,154,2
903,HU,202105,154,7
904,HU,202106,154,6
905,HU,202107,154,1
906,HU,202108,154,5
907,HU,202109,154,1
908,HU,202010,160,37
909,HU,202011,160,51
910,HU,202012,160,43
911,HU,202101,160,38
912,HU,202102,160,12
913,HU,202103,160,54
914,HU,202104,160,17
915,HU,202105,160,8
916,HU,202106,160,24
917,HU,202107,160,29
918,HU,202108,160,112
919,HU,202109,160,32
920,HU,202010,161,2
921,HU,202011,161,6
922,HU,202012,161,4
923,HU,202101,161,4
924,HU,202102,161,3
925,HU,202103,161,20
926,HU,202104,161,3
927,HU,202106,161,1
928,HU,202107,161,1
929,HU,202108,161,3
930,HU,202109,161,11
931,HU,202010,162,3
932,HU,202012,162,2
933,HU,202101,162,2
934,HU,202107,162,4
935,HU,202109,162,1
936,HU,202011,163,4
937,HU,202012,163,5
938,HU,202101,163,2
939,HU,202102,163,4
940,HU,202103,163,13
941,HU,202104,163,8
942,HU,202105,163,4
943,HU,202106,163,12
944,HU,202107,163,8
945,HU,202108,163,2
946,HU,202109,163,1
947,HU,202011,164,4
948,HU,202012,164,1
949,HU,202102,164,6
950,HU,202103,164,3
951,HU,202105,164,5
952,HU,202106,164,1
953,HU,202107,164,1
954,HU,202109,164,1
955,HU,202010,166,2
956,HU,202101,166,1
957,HU,202103,166,2
958,HU,202106,166,1
959,HU,202108,166,5
960,HU,202010,170,3
961,HU,202011,170,3
962,HU,202012,170,5
963,HU,202102,170,1
964,HU,202103,170,9
965,HU,202105,170,2
966,HU,202107,170,7
967,HU,202108,170,3
968,HU,202010,171,2
969,HU,202011,171,1
970,HU,202012,171,1
971,HU,202101,171,1
972,HU,202102,171,11
973,HU,202103,171,1
974,HU,202104,171,1
975,HU,202105,171,4
976,HU,202106,171,7
977,HU,202107,171,2
978,HU,202108,171,7
979,HU,202109,171,1
980,HU,202010,172,52
981,HU,202011,172,82
982,HU,202012,172,133
983,HU,202101,172,73
984,HU,202102,172,55
985,HU,202103,172,64
986,HU,202104,172,34
987,HU,202105,172,26
988,HU,202106,172,220
989,HU,202107,172,171
990,HU,202108,172,56
991,HU,202109,172,55
992,HU,202010,173,35
993,HU,202011,173,18
994,HU,202012,173,83
995,HU,202101,173,61
996,HU,202102,173,73
997,HU,202103,173,54
998,HU,202104,173,58
999,HU,202105,173,41
1000,HU,202106,173,79
1001,HU,202107,173,58
1002,HU,202108,173,39
1003,HU,202109,173,66
1004,HU,202010,174,6
1005,HU,202012,174,4
1006,HU,202101,174,7
1007,HU,202102,174,2
1008,HU,202103,174,14
1009,HU,202104,174,3
1010,HU,202105,174,18
1011,HU,202106,174,16
1012,HU,202107,174,6
1013,HU,202108,174,1
1014,HU,202109,174,2
1015,HU,202010,175,2
1016,HU,202012,175,1
1017,HU,202105,175,2
1018,HU,202106,175,10
1019,HU,202107,175,1
1020,HU,202109,175,3
1021,HU,202010,180,11
1022,HU,202011,180,10
1023,HU,202012,180,3
1024,HU,202101,180,10
1025,HU,202102,180,11
1026,HU,202103,180,8
1027,HU,202104,180,2
1028,HU,202105,180,6
1029,HU,202106,180,14
1030,HU,202107,180,18
1031,HU,202108,180,14
1032,HU,202109,180,3
1033,HU,202010,181,4
1034,HU,202011,181,6
1035,HU,202012,181,1
1036,HU,202101,181,4
1037,HU,202102,181,5
1038,HU,202103,181,3
1039,HU,202104,181,1
1040,HU,202106,181,1
1041,HU,202107,181,7
1042,HU,202108,181,1
1043,HU,202010,182,1
1044,HU,202011,182,2
1045,HU,202012,182,5
1046,HU,202101,182,14
1047,HU,202102,182,4
1048,HU,202103,182,1
1049,HU,202104,182,5
1050,HU,202105,182,2
1051,HU,202106,182,4
1052,HU,202107,182,5
1053,HU,202108,182,9
1054,HU,202109,182,5
1055,HU,202012,183,6
1056,HU,202101,183,2
1057,HU,202106,183,1
1058,HU,202107,183,1
1059,HU,202106,185,1
1060,HU,202109,185,2
1061,HU,202010,186,8
1062,HU,202011,186,6
1063,HU,202012,186,5
1064,HU,202102,186,4
1065,HU,202103,186,4
1066,HU,202104,186,8
1067,HU,202106,186,3
1068,HU,202107,186,4
1069,HU,202108,186,1
1070,HU,202109,186,2
1071,HU,202010,190,100
1072,HU,202011,190,145
1073,HU,202012,190,140
1074,HU,202101,190,84
1075,HU,202102,190,85
1076,HU,202103,190,136
1077,HU,202104,190,167
1078,HU,202105,190,71
1079,HU,202106,190,143
1080,HU,202107,190,165
1081,HU,202108,190,104
1082,HU,202109,190,79
1083,HU,202010,191,1
1084,HU,202012,191,2
1085,HU,202101,191,6
1086,HU,202104,191,3
1087,HU,202106,191,12
1088,HU,202107,191,4
1089,HU,202108,191,2
1090,HU,202109,191,2
1091,HU,202010,192,29
1092,HU,202011,192,18
1093,HU,202012,192,20
1094,HU,202101,192,26
1095,HU,202102,192,20
1096,HU,202103,192,14
1097,HU,202104,192,11
1098,HU,202105,192,7
1099,HU,202106,192,18
1100,HU,202107,192,15
1101,HU,202108,192,30
1102,HU,202109,192,16
1103,HU,202010,193,16
1104,HU,202011,193,42
1105,HU,202012,193,77
1106,HU,202101,193,76
1107,HU,202102,193,86
1108,HU,202103,193,90
1109,HU,202104,193,62
1110,HU,202105,193,46
1111,HU,202106,193,68
1112,HU,202107,193,95
1113,HU,202108,193,44
1114,HU,202109,193,33
1115,HU,202105,194,7
1116,HU,202106,194,3
1117,HU,202109,194,3
1118,HU,202104,195,2
1119,HU,202105,195,1
1120,HU,202010,201,2
1121,HU,202109,203,1
7294,HU,202110,010,446
7295,HU,202110,011,11
7296,HU,202110,012,63
7297,HU,202110,013,81
7298,HU,202110,014,24
7299,HU,202110,015,8
7300,HU,202110,016,7
7301,HU,202110,017,52
7302,HU,202110,018,6
7303,HU,202110,020,305
7304,HU,202110,021,10
7305,HU,202110,022,5
7306,HU,202110,023,15
7307,HU,202110,024,2
7308,HU,202110,025,7
7309,HU,202110,026,17
7310,HU,202110,030,101
7311,HU,202110,031,22
7312,HU,202110,032,11
7313,HU,202110,033,19
7314,HU,202110,035,9
7315,HU,202110,036,241
7316,HU,202110,037,6
7317,HU,202110,040,504
7318,HU,202110,041,2
7319,HU,202110,042,467
7320,HU,202110,043,408
7321,HU,202110,044,5
7322,HU,202110,046,229
7323,HU,202110,050,75
7324,HU,202110,051,331
7325,HU,202110,052,8
7326,HU,202110,054,7
7327,HU,202110,055,1
7328,HU,202110,057,132
7329,HU,202110,060,66
7330,HU,202110,061,39
7331,HU,202110,062,29
7332,HU,202110,070,55
7333,HU,202110,071,76
7334,HU,202110,072,6
7335,HU,202110,073,18
7336,HU,202110,075,14
7337,HU,202110,080,65
7338,HU,202110,081,5
7339,HU,202110,082,1
7340,HU,202110,083,13
7341,HU,202110,084,70
7342,HU,202110,087,24
7343,HU,202110,090,68
7344,HU,202110,100,53
7345,HU,202110,101,4
7346,HU,202110,104,2
7347,HU,202110,110,137
7348,HU,202110,111,132
7349,HU,202110,112,145
7350,HU,202110,113,3
7351,HU,202110,114,7
7352,HU,202110,120,92
7353,HU,202110,121,4
7354,HU,202110,125,3
7355,HU,202110,127,1
7356,HU,202110,128,11
7357,HU,202110,129,17
7358,HU,202110,130,38
7359,HU,202110,131,6
7360,HU,202110,137,2
7361,HU,202110,138,8
7362,HU,202110,139,3
7363,HU,202110,140,4
7364,HU,202110,141,29
7365,HU,202110,150,13
7366,HU,202110,153,8
7367,HU,202110,154,2
7368,HU,202110,160,22
7369,HU,202110,161,5
7370,HU,202110,163,1
7371,HU,202110,164,3
7372,HU,202110,166,1
7373,HU,202110,170,1
7374,HU,202110,171,3
7375,HU,202110,172,38
7376,HU,202110,173,71
7377,HU,202110,174,14
7378,HU,202110,180,10
7379,HU,202110,181,2
7380,HU,202110,182,8
7381,HU,202110,186,5
7382,HU,202110,190,170
7383,HU,202110,191,1
7384,HU,202110,192,12
7385,HU,202110,193,39
7386,HU,202110,194,1
7387,HU,202110,202,2
